7252,323954,1,12.1500003957240832,9065.5224609375000000,3421.2183070530154509
7252,323954,2,12.1500002684715511,9054.8369140625000000,9051.7500036136207200
7252,323954,3,12.1500003957240832,9046.5234375000000000,9051.7500036136207200
7252,323954,4,12.1500002684715511,9041.0068359375000000,9037.0033729797723936
7252,323954,5,12.1500002684715511,9032.8574218750000000,9030.3003590552943933
7252,323954,6,12.1500003957240832,9027.0263671875000000,9027.6191534855042846
7252,323954,7,12.1500002684715511,9017.8437500000000000,9011.5319200667599944
7252,323954,8,12.1500002684715511,9015.3955078125000000,9008.8507144969680667
7252,323954,9,12.1500003957240832,9006.8623046875000000,9008.8507144969680667
7252,323954,10,12.1500002684715511,9002.6074218750000000,9003.4883033573878492
7252,323954,11,12.1500002684715511,8993.6679687500000000,8990.0822755084336677
7252,323954,12,12.1500003957240832,8990.7880859375000000,8987.4010699386417400
7252,323954,13,12.1242605968128885,8983.8691406250000000,8986.0604671537475951
7252,323954,14,12.1500003957240832,8981.1191406250000000,8972.6544393047934136
7252,323954,15,12.1500002684715511,8973.0244140625000000,8965.9514253803154133
7252,323954,16,12.1500002684715511,8968.1289062500000000,8965.9514253803154133
7252,323954,17,12.1500003957240832,8964.2519531250000000,8965.9514253803154133
7252,323954,18,12.1500002684715511,8959.9218750000000000,8960.5890142407351959
7252,323954,19,12.1328404873657760,8954.4189453125000000,8944.5017808219909057
7252,323954,20,12.1500003957240832,8950.3203125000000000,8944.5017808219909057
7252,323954,21,12.1500002684715511,8939.8916015625000000,8944.5017808219909057
7252,323954,22,12.1285453247355637,8929.8974609375000000,8925.7333418334546877
7252,323954,23,12.1328406146183063,8928.0732421875000000,8923.0521362636645790
7252,323954,24,12.1500002684715511,8920.3925781250000000,8923.0521362636645790
7252,323954,25,12.1071009429596437,8914.4003906250000000,8912.3273139845023252
7252,323954,26,12.1500002684715511,8908.2988281250000000,8901.6024917053382524
7252,323954,27,12.1500002684715511,8905.4492187500000000,8901.6024917053382524
7252,323954,28,12.1500003957240832,8900.6279296875000000,8901.6024917053382524
7252,323954,29,12.1259379224746304,8899.8388671875000000,8901.6024917053382524
7252,323954,30,12.1483229428098092,8887.9853515625000000,8881.4934499319078895
7252,323954,31,12.1328406146183081,8883.5058593750000000,8886.8558610714881070
7252,323954,32,12.0618837629484226,8883.2187500000000000,8880.1528471470119257
7252,323954,33,12.1014792288944530,8874.8427734375000000,8872.1092304376397806
7252,323954,34,12.0500000117823074,8869.9042968750000000,8858.7032025886855990
7252,323954,35,12.0606023565038178,8870.6914062500000000,8858.7032025886855990
7252,323954,36,12.0737171030671675,8857.1064453125000000,8858.7032025886855990
7252,323954,37,12.0499998855771260,8851.2470703125000000,8857.3625998037914542
7252,323954,38,12.0757395572357904,8843.5800781250000000,8837.2535580303592724
7252,323954,39,12.0500000117823074,8837.0634765625000000,8837.2535580303592724
7252,323954,40,12.0499998855771260,8826.4531250000000000,8819.8257218267190183
7252,323954,41,12.0499998855771260,8821.2587890625000000,8815.8039134720329457
7252,323954,42,12.0827938124338843,8815.9023437500000000,8815.8039134720329457
7252,323954,43,12.0901351546250950,8811.1562500000000000,8814.4633106871388009
7252,323954,44,12.0499998855771260,8805.4414062500000000,8799.7166800532886555
7252,323954,45,12.0671597928880825,8802.1494140625000000,8794.3542689137066191
7252,323954,46,12.0499947111647039,8799.9082031250000000,8794.3542689137066191
7252,323954,47,12.0499998855771260,8794.1464843750000000,8794.3542689137066191
7252,323954,48,12.0585799023351949,8786.9921875000000000,8793.0136661288124742
7252,323954,49,12.0499998855771260,8782.7636718750000000,8778.2670354949623288
7252,323954,50,12.0500000117823074,8777.7509765625000000,8772.9046243553821114
7252,323954,51,12.0499998855771260,8768.0029296875000000,8772.9046243553821114
7252,323954,52,12.0499998855771260,8766.6132812500000000,8763.5204048611140024
7252,323954,53,12.0500000117823074,8758.8173828125000000,8754.1361853668458934
7252,323954,54,12.0499998855771260,8754.7128906250018190,8751.4549797970557847
7252,323954,55,12.0499998855771260,8747.4453125000000000,8751.4549797970557847
7252,323954,56,12.0500000117823074,8746.4091796875000000,8743.4113630876818206
7252,323954,57,12.0499998855771260,8740.5908203125000000,8734.0271435934155306
7252,323954,58,12.0499998855771260,8731.1347656250018190,8730.0053352387294581
7252,323954,59,12.0500000117823074,8727.5019531250000000,8730.0053352387294581
7252,323954,60,12.0499998855771260,8721.1123046875000000,8709.8962934652990953
7252,323954,61,12.0500000117823074,8715.4843750000000000,8708.5556906804031314
7252,323954,62,12.0499998855771260,8712.1064453125000000,8708.5556906804031314
7252,323954,63,12.0499998855771260,8705.1728515625000000,8708.5556906804031314
7252,323954,64,12.0500000117823074,8701.7021484375000000,8700.5120739710291673
7252,323954,65,12.0499998855771260,8694.1953125000000000,8687.1060461220768047
7252,323954,66,12.0499998855771260,8689.2187500000000000,8687.1060461220768047
7252,323954,67,12.0500000117823074,8685.8945312500000000,8687.1060461220768047
7252,323954,68,12.0499998855771260,8678.8896484375018190,8683.0842377673907322
7252,323954,69,12.0499998855771260,8661.3076171875000000,8665.6564015637522971
7252,323954,70,12.0499948373698835,8664.6152343750000000,8658.9533876392742968
7252,323954,71,12.0499998855771260,8665.3281250000000000,8665.6564015637522971
7252,323954,72,12.0500000117823074,8655.3457031250000000,8648.2285653601102240
7252,323954,73,12.0499998855771260,8654.7470703125000000,8644.2067570054241514
7252,323954,74,12.0499998855771260,8646.1123046875000000,8644.2067570054241514
7252,323954,75,12.0500000117823074,8642.2402343750000000,8644.2067570054241514
7252,323954,76,12.0499998855771260,8630.5048828125000000,8633.4819347262618976
7252,323954,77,12.0499998855771260,8627.8525390625000000,8622.7571124470996438
7252,323940,48,19.8085803633834345,19364.1718750000000000,19357.8937852046947228
7252,323940,49,16.1821661450960228,19352.0917968750000000,19345.8303239141096128
7252,323940,50,9.0472029971113876,2695.3073730468800022,7834.7288012212620743
7252,323940,51,13.6870711511457817,11623.5175781250000000,6821.7253484252159978
7252,323940,52,18.5105330533141128,16940.3437500000000000,14130.2099525494486443
7252,323940,53,18.8035255234126808,17459.4843750000000000,18726.0319520035664027
7252,323940,54,13.9058681933809840,12165.1728515625000000,15765.3630688586126780
7252,323940,55,9.2331227312242117,6478.5297851562500000,8802.2722041119959613
7252,323940,56,13.7807617541382790,19280.9199218750000000,5156.5029305890038813
7252,323940,57,7.8151497308711368,1504.4626464843800022,9029.6510045813611214
7252,323940,58,11.5738323871060445,8810.7080078125000000,4069.1902843647940244
7252,323940,59,17.6545671175663905,15422.2880859375000000,11725.7917272726008378
7252,323940,60,18.4157419724872078,16998.2128906250000000,18226.2489497192254930
7252,323940,61,12.3983320700482835,10555.7529296875000000,14651.3221546105487505
7252,323940,62,8.1331754020555760,2333.2460937500000000,6665.2047365591597554
7252,323940,63,18.0149511981524668,19191.5000000000000000,6293.0198884025785446
7252,323940,64,19.5999997070416043,19171.1894531250000000,19167.1216886121292191
7252,323940,65,19.5999999123214010,19130.0742187500000000,19142.2786432545399293
7252,323940,66,19.5999997070416043,19096.2285156250000000,19101.3274175596889108
7252,323940,67,19.5999912905699887,19071.4726562500000000,18947.2418849707719346
7252,323940,68,19.5999999123214010,19041.3417968750000000,19044.1213830979759223
7252,323940,69,19.5999997070416043,19022.4375000000000000,19018.7756116960517829
7252,323940,70,19.5152175647967780,18976.2031250000000000,18985.7632681180039071
7252,323940,71,19.4886095520993159,18898.9492187500000000,18947.3047257263169740
7252,323940,72,19.4500000863742208,18927.9453125000000000,18881.8037115330662346
7252,323940,73,19.4500000863742208,18893.5175781250036380,18898.8126093664286600
7252,323940,74,19.4500002900830005,18894.9667968750000000,18873.4668379645008827
7252,323940,75,19.4500000863742208,18836.8828125000000000,18861.2338375523286231
7252,323940,76,19.4500002900830005,18834.5644531250000000,18821.0995416795230994
7252,323940,77,19.4500000863742208,18811.0800781250000000,18817.4547778580890736
7252,323940,78,19.3928186892424677,18784.7636718750036380,18785.2384171835692541
7252,323940,79,19.3572341579121172,18766.6250000000000000,18767.0564919134303636
7252,323940,80,19.3257401373655640,18744.9589843750000000,18747.9529022286697000
7252,323940,81,19.3969099859710283,18735.6914062500000000,18724.8693980262505647
7252,323940,82,19.3403693964267802,18712.2480468750000000,18709.7457228591483727
7252,323940,83,19.3300300826420113,18692.4433593750000000,18691.0610715446709946
7252,323940,84,19.2505753631041223,18663.4375000000000000,18667.1815844387238030
7252,323940,85,19.2722067554714229,18620.4003906250000000,18631.0272030835767509
7252,323940,86,19.2607819148136734,18595.9082031250000000,18594.7890340543708589
7252,323940,87,19.2000002839028738,18544.4960937500000000,18559.3468479287002992
7252,323940,88,19.2000000828124584,18518.8515625000000000,18524.3236001733057492
7252,323940,89,19.2000000828124584,18472.0390625000000000,18484.1055166264450236
7252,323940,90,19.1313611594797308,18451.3613281250000000,18449.6268887524202000
7252,323940,91,19.1626950109306406,18443.1757812500000000,18434.0423813780107594
7252,323940,92,19.0999996999179764,18432.1679687500000000,18424.0716481653471419
7252,323940,93,19.1343194621726127,18408.1875000000000000,18408.8222914871657849
7252,323940,94,19.1241316716429566,18399.7558593750000000,18394.9973252679301368
7252,323940,95,19.2000000828124584,18518.1542968750000000,18462.6977659051481169
7252,323940,96,19.1646251375052152,18485.6015625000000000,18493.5316299577425525
7252,323940,97,19.0999996999179764,18370.8339843750000000,18428.0096688459816505
7252,323940,98,18.9592890174388486,18294.5664062500000000,18324.4481037128134631
7252,323940,99,18.9500002777226442,18299.5078125000000000,18277.8621569376955449
7252,323940,100,18.9745880130089475,18356.9277343750036380,18308.4446579681243747
7252,323940,101,19.1120036391993509,18375.4335937500000000,18350.3384949961036909
7252,323940,102,19.0512995987719478,18358.9726562500000000,18347.9086524484810070
7252,323940,103,18.9057374055024354,18292.3808593750000000,18315.4828225888231827
7252,323940,104,18.9000010394261189,18219.4980468750000000,18242.8389091823082708
7252,323940,105,18.9000008414777341,18120.7109375000000000,18165.3353106805407151
7252,323940,106,18.8084098238114237,18060.6210937500000000,18083.6423284759803209
7252,323940,107,18.8157043007581777,18051.0078125000000000,18048.1163546762545593
7252,323940,108,18.8529359377325605,18059.2695312500000000,18045.4351491064589936
7252,323940,109,18.8269472774824571,18035.7148437500000000,18038.5645598338742275
7252,323940,110,18.8091245542490952,18018.0234375000000000,18016.0256755128175428
7252,323940,111,18.8196990295131386,18027.6230468750000000,18009.8253876326780301
7252,323940,112,18.4525163154507581,17269.2167968750000000,17918.4968229116784642
7252,323940,113,18.5681464322036689,17888.9140625000000000,17650.3762659326021094
7252,323940,114,17.9035848476311230,18069.0468750000000000,17700.8164457142920583
7252,323940,115,18.2530444807424885,18075.9921875000000000,15872.7369731613252952
7252,323940,116,17.2950484112526865,17405.1562500000000000,18014.9364357500890037
7252,323940,117,18.6910555968379590,17990.8710937500000000,15778.9785658927048644
7252,323940,118,19.2055868022377325,18473.5605468750000000,18424.3230111875163857
7252,323940,119,19.2140270240267306,18467.5781250000000000,18472.8360744659221382
7252,323940,120,19.0642009858362727,18413.8925781250000000,18429.6854223271002411
7252,323940,121,19.0899138311969772,18430.8417968750000000,18416.7821205224790901
7252,323940,122,19.0728079032538744,18398.2597656250000000,18405.8897228952082514
7252,323940,123,19.0743807112478549,18388.7109375000000000,18381.5075097449225723
7252,323940,124,19.0499995084707194,18382.6386718750000000,18373.2125300133848214
7252,323940,125,19.0499995084707194,18364.7714843750000000,18363.4093721488316078
7252,323940,126,19.0499997079901071,18421.7421875000000000,18400.5273117556243960
7252,323940,127,19.0837560583061006,18406.6289062500000000,18403.7112433697511733
7252,323940,128,19.0677223019526849,18389.9687500000000000,18386.3671948401679401
7252,323940,129,19.0499997079901071,18372.6152343750000000,18371.2016258360417851
7252,323940,130,19.0499995084707194,18361.2089843750000000,18358.5496870535898779
7252,323940,131,19.0499995084707194,18348.8203125000000000,18346.1491112933072145
7252,323940,132,19.0499997079901071,18331.8945312500000000,18332.9106587924652558
7252,323940,133,19.0499995084707194,18315.0917968750000000,18317.4937267661662190
7252,323940,134,19.0499997079901071,18300.4316406250000000,18300.2334659106418258
7252,323940,135,19.0499995084707194,18273.0449218750000000,18273.7565609089579084
7252,323940,136,19.0499995084707194,18246.4882812500000000,18249.6257107808378350
7252,323940,137,19.0499997079901071,18224.0683593750000000,18227.6733401781784778
7252,323940,138,19.0043396975988514,18217.2675781250036380,18216.4457918546795554
7252,323940,139,19.0000002706978606,18203.3203125000000000,18200.1909830878212233
7252,323940,140,19.0000004696935818,18253.0371093750000000,18246.9445052110459073
7252,323940,141,19.0000002706978606,18247.1074218750036380,18238.7333131535633584
7252,323940,142,19.0000002706978606,18243.3222656250000000,18232.0302992290889961
7252,323940,143,18.9871306338642469,18228.6464843750000000,18224.9921346083865501
7252,323940,144,19.0000002706978606,18216.1152343750000000,18212.5915588481038867
7252,323940,145,18.9937535531851935,18208.0703125000000000,18200.0234077397108194
7252,323940,146,18.9719276249946773,18192.5312500000000000,18189.2985854605431086
7252,323940,147,18.9825103785125222,18182.1562500000000000,18176.5628590040396375
7252,323940,148,18.9917506902202433,18166.9179687500000000,18166.3407627692140522
7252,323940,149,18.9742605990391837,18160.7578125000000000,18154.4429130532662384
7252,323940,150,18.9785154528565272,18145.0664062500000000,18143.2153647297673160
7252,323940,151,18.8564178517674392,18124.9667968750000000,18127.1281313110230258
7252,323940,152,18.8500006500305233,18100.6445312500000000,18101.1539523536739580
7252,323940,153,18.8500006500305233,18060.4882812500000000,18075.0121980482144863
7252,323940,154,18.8500008474552345,18048.9707031250000000,18044.5134846918444964
7252,323940,155,18.8390174035191968,18033.3125000000000000,18033.6210870645700197
7252,323940,156,18.7837648815658227,18016.4101562500000000,18014.6850727279197599
7252,323940,157,18.8500008474552345,17999.4609375000000000,17995.9166337393871800
7252,323940,158,18.7727816350544963,17991.6054687500000000,17987.7054416819046310
7252,323940,159,18.7822116893869904,17980.8261718750000000,17978.1536468395242991
7252,323940,160,18.7500002671360519,17963.3984375000000000,17960.3906599396577803
7252,323940,161,18.7414203765831573,17944.6601562500000000,17938.1031386407739774
7252,323940,162,18.7070929592771407,17934.8632812500000000,17929.5567958870669827
7252,323940,163,18.7501868797555709,17934.6269531250000000,17903.4150415816075110
7252,323940,164,18.7268456739785520,17948.1250000000000000,17949.3306869642728998
7252,323940,165,18.6528499763108861,17931.4941406250000000,17929.7243712351773866
7252,323940,166,18.7072092213725085,17927.8359375000000000,17918.8319736079029099
7252,323940,167,18.6585797747944611,17920.0371093750000000,17918.4968229116784642
7252,323940,168,18.6500000795715799,17883.1738281250036380,17884.1438765487328055
7252,323940,169,18.6499998842415700,17878.0097656250000000,17877.2732872761480394
7252,323940,170,18.7453070916155902,17917.8027343750000000,17904.0853429740527645
7252,323940,171,18.7048409568731770,17876.8320312500000000,17886.6575067704143294
7252,323940,172,18.6499998842415700,17864.0156250000000000,17865.5430129083106294
7252,323940,173,18.6500000795715799,17845.2148437500000000,17837.2227790773977176
7252,323940,174,18.6671596653473557,17817.2421875000000000,17823.4816005322172714
7252,323940,175,18.6499998842415700,17810.6718750000000000,17801.5292299295579141
7252,323940,176,18.6024725048093771,17810.2070312500000000,17798.6804490116555826
7252,323940,177,18.6245983893041860,17791.6796875000000000,17789.6313802136101003
7252,323940,178,18.6242602125828896,17789.3925781250000000,17783.0959416372461419
7252,323940,179,18.6156373602591643,17776.9335937500000000,17773.0414207505309605
7252,323940,180,18.6186386257702310,17761.0097656250000000,17755.7811598949992913
7252,323940,181,18.5928991483942134,17749.9355468750000000,17741.2021046092631877
7252,323940,182,18.5800291182822122,17745.1562500000000000,17731.9854604631073016
7252,323940,183,18.6014788446644452,17738.8183593750000000,17725.7851725829677889
7252,323940,184,18.5499996956297508,17722.7207031250000000,17713.7197475189095712
7252,323940,185,18.5671592824528737,17698.1152343750000000,17702.3246238473002450
7252,323940,186,18.5238598406511237,17678.8027343750000000,17680.5398285927512916
7252,323940,187,18.4785507309509960,17621.4628906250000000,17639.1487176091031870
7252,323940,188,18.4699706466391085,17625.9843750000000000,17608.4824289046227932
7252,323940,189,18.4785505371919996,17585.8984375000000000,17599.0982094103528652
7252,323940,190,18.4295399934921562,17584.6816406250000000,17574.9673592822364299
7252,323940,191,18.3999998806797578,17567.6210937500000000,17562.5667835219537665
7252,323940,192,18.3999998806797578,17544.5234375000000000,17547.6525775399968552
7252,323940,193,18.4000000733914035,17537.1777343750036380,17530.0571659882443782
7252,323940,194,18.3999998806797578,17526.0429687500000000,17525.3650562411057763
7252,323940,195,18.4000000733914035,17523.8632812500000000,17514.8078093100557453
7252,323940,196,18.3999998806797578,17532.5722656250000000,17517.1538641836232273
7252,323940,197,18.3999998806797578,17518.6796875000000000,17515.1429600062801910
7252,323940,198,18.4000000733914035,17516.1484375000000000,17504.4181377271197562
7252,323940,199,18.4686390051028937,17502.1054687500000000,17499.5584526318743883
7252,323940,200,18.3999998806797578,17504.7363281250000000,17491.3472605743845634
7252,323940,201,18.4000000733914035,17477.3945312500000000,17484.6442466499102011
7252,323940,202,18.3999998806797578,17467.5703125000000000,17458.8376430406751751
7252,323940,203,18.3689840767951651,17449.5683593750000000,17449.4534235464088852
7252,323940,204,17.9792403145564812,16718.1425781250000000,17379.9096540799582726
7252,323940,205,18.0389026848297753,17378.7636718750036380,17015.2656965884161764
7252,323940,206,17.4702475810146609,17373.8300781250000000,16962.1443112369379378
7252,323940,207,17.6186118418650182,17385.2128906250000000,15614.6709370689641219
7252,323940,208,17.9918239555183455,16893.9160156250000000,17011.5790389299509116
7252,323940,209,18.3585807256477693,17545.7324218750000000,17391.6399284477956826
7252,323940,210,18.3499927631996584,17518.4511718750000000,17525.0299055448849685
7252,323940,211,18.3671604240126811,17521.0507812500000000,17480.7900136433345324
7252,323940,212,18.4014801784122319,17505.6250000000000000,17520.3377957977500046
7252,323940,213,18.3567100314365632,17528.3457031250000000,17499.8936033280951960
7252,323940,214,18.3561610902065695,17483.1464843750000000,17502.9099595941115695
7252,323940,215,18.3156812728833103,17468.2011718750000000,17464.3676295283694344
7252,323940,216,18.3757403145655758,17533.2460937500000000,17462.6918760472472059
7252,323940,217,18.3500008350948782,17500.0214843750000000,17509.2778228223614860
7252,323940,218,18.3500006429068989,17497.4785156250000000,17486.8227261753636412
7252,323940,219,18.3500006429068989,17476.3359375000000000,17477.4385066811009892
7252,323940,220,18.3500008350948782,17465.5390625000000000,17460.6809718699041696
7252,323940,221,18.3500006429068989,17443.4316406250000000,17446.9397933247273613
7252,323940,222,18.3414207523540043,17437.5234375000000000,17430.8525599059830711
7252,323940,223,18.3471348081194350,17423.3574218750000000,17418.1168334494795999
7252,323940,224,18.3357068887765493,17410.2050781250000000,17406.7217097778666357
7252,323940,225,18.2831727342173522,17398.9433593750000000,17394.3211340175839723
7252,323940,226,18.2400889180165926,17392.8183593750000000,17386.6126680044362729
7252,323940,227,18.2997606654083178,17386.5683593750000000,17375.8878457252722001
7252,323940,228,18.1761270352551421,16902.4160156250000000,17297.7977335051182308
7252,323940,229,18.1951753176169468,17364.7363281250000000,17171.4459210287277529
7252,323940,230,18.1820437788905878,17353.2832031250000000,17347.4000365462488844
7252,323940,231,18.1500000672112236,17340.6015625000000000,17334.6643100897381373
7252,323940,232,18.2334898054845098,17329.6562500000000000,17325.2800905954718473
7252,323940,233,18.2123680881505408,17318.5429687500000000,17313.8849669238625211
7252,323940,234,18.1932459901672203,17309.5664062500000000,17304.8358981258206768
7252,323940,235,18.1642013544834953,17293.2792968750000000,17293.7759251504321583
7252,323940,236,18.1697636979478752,17277.6191406250000000,17276.0129382505656395
7252,323940,237,18.1500000672112236,17266.8242187500000000,17261.9366090091643855
7252,323940,238,18.1499998771179420,17253.9121093750000000,17246.8548276790934324
7252,323940,239,18.1499998771179420,17237.9199218750000000,17238.8112109697212873
7252,323940,240,18.1500000672112236,17234.5585937500000000,17220.3779226774058770
7252,323940,241,18.1499998771179420,17277.4199218750000000,17270.9856778072098678
7252,323940,242,18.1567175213826317,17256.4824218750000000,17255.2335950846900232
7252,323940,243,18.1647321493287635,17248.5820312500000000,17239.8166630583909864
7252,323940,244,18.1499998771179420,17229.9531250000000000,17229.4269914754513593
7252,323940,245,18.1500000672112236,17219.7812500000000000,17216.6912650189478882
7252,323940,246,18.1499998771179420,17220.6679687500000000,17210.9937031831432250
7252,323940,247,18.1499998771179420,17207.5585937500000000,17199.2634288153058151
7252,323940,248,18.1500000672112236,17188.4609375000000000,17188.5386065361453802
7252,323940,249,18.1499998771179420,17180.7890625000000000,17172.7865238136255357
7252,323940,250,18.1241551310402684,17169.4179687500000000,17163.7374550155800534
7252,323940,251,18.1000008289146983,17150.8925781250000000,17149.9962764703996072
7252,323940,252,18.1000006393450832,17136.8613281250000000,17130.2223853931936901
7252,323940,253,18.1000008289146983,17124.6269531250000000,17117.8218096329110267
7252,323940,254,18.0730135372732370,17103.5449218750000000,17105.0860831764075556
7252,323940,255,18.0000002564506048,17050.6347656250000000,17082.2958358331852651
7252,323940,256,18.0557697335666703,17109.0371093750000000,17070.9007121615723008
7252,323940,257,18.0557695450444058,17080.8769531250000000,17078.9443288709480839
7252,323940,258,17.9999925270376693,17056.8496093750000000,17059.8407391861837823
7252,323940,259,18.0349943004897355,17076.8867187500000000,17070.5655614653514931
7252,323940,260,17.9178170028928321,17034.5878906250000000,17041.4074508938756480
7252,323940,261,17.9742605847919279,17028.9648437500000000,17020.2929570317755861
7252,323940,262,17.9752300862399395,17026.6894531250000000,17018.2820528544325498
7252,323940,263,17.8999998735561263,17007.6289062500000000,17007.2220798790440313
7252,323940,264,17.9000000610310437,17001.0000000000000000,16997.5027096885496576
7252,323940,265,17.8999998735561263,16990.6777343750036380,16986.7778874093892227
7252,323940,266,17.9644163616928481,16981.7285156250000000,16976.0530651302251499
7252,323940,267,17.9128025878703596,16957.5156250000000000,16963.6524893699424865
7252,323940,268,17.8999998735561263,16951.5039062500000000,16943.5434475965121237
7252,323940,269,17.8999998735561263,16939.2382812500000000,16934.1592281022458337
7252,323940,270,17.9000000610310437,16927.0273437500000000,16922.4289537344120617
7252,323940,271,17.8999998735561263,16911.9140625000000000,16908.6877751892316155
7252,323940,272,17.8999998735561263,16887.4667968750000000,16893.9411445553851081
7252,323940,273,17.8906112581454622,16878.8789062500000000,16877.8539111366408179
7252,323940,274,17.8922288953359256,16858.5742187500000000,16857.7448693632104550
7252,323940,275,17.9000000610310437,16853.2597656250000000,16850.0364033500591177
7252,323940,276,17.8999998735561263,16853.2597656250000000,16842.3279373369114182
7252,323940,277,17.8999998735561263,16854.0703125000000000,16842.6630880331358640
7252,323940,278,17.8968228841990182,16901.2617187500000000,16895.6168980365036987
7252,323940,279,17.8645675429001329,16883.0644531250000000,16882.5460208837721439
7252,323940,280,17.8999998735561263,16870.4316406250000000,16865.1181846801300708
7252,323940,281,17.8656804988194722,16853.9531250000000000,16851.3770061349532625
7252,323940,282,17.8828324059787569,16843.8457031250000000,16837.9709782860009000
7252,323940,283,17.8687148045547914,16838.8750000000000000,16832.6085671464206825
7252,323940,284,17.8025867717389907,16824.6640625000000000,16825.2352518294937909
7252,323940,285,17.8145721771176540,16805.3496093750000000,16805.4613607522878738
7252,323940,286,17.8610191569776582,16790.5722656250000000,16785.3523189788575110
7252,323940,287,17.8119090804727875,16777.5351562500000000,16775.2977980921423296
7252,323940,288,17.8171592717674301,16771.1035156250000000,16759.5457153696224850
7252,323940,289,17.7999996770892110,16752.2832031250000000,16751.8372493564747856
7252,323940,290,17.7999994906616479,16741.0175781250036380,16739.4366735961921222
7252,323940,291,17.7999994906616479,16738.4687500000000000,16729.3821527094769408
7252,323940,292,17.7740749754845808,16732.1445312500000000,16720.6682346076522663
7252,323940,293,17.7500002528887890,16718.0742187500000000,16715.6409741642964946
7252,323940,294,17.7585801434416837,16710.0996093750000000,16704.5810011889079760
7252,323940,295,17.7500004387926893,16688.2343750000000000,16690.5046719475067221
7252,323940,296,17.7500002528887890,16687.6796875000000000,16680.1150003645707329
7252,323940,297,17.7500002528887890,16678.8437500000000000,16672.0713836551985878
7252,323940,298,17.7500004387926893,16658.6132812500000000,16663.6926162496019970
7252,323940,299,17.7500002528887890,16652.3593750000000000,16647.9405335270821524
7252,323940,300,17.6832076205148994,16644.9335937500000000,16633.5290535894564528
7252,323940,301,17.7395740561905484,16631.1738281250036380,16626.8260396649784525
7252,323940,302,17.7500002528887890,16579.7011718750000000,16599.0085318784003903
7252,323940,303,17.7328406576869071,16616.1230468750000000,16594.9867235237143177
7252,323940,304,17.6907507032481277,16611.1718750000000000,16588.9540109916852089
7252,323940,305,17.6046876087708917,16554.5527343750000000,16576.5534352313989075
7252,323940,306,17.6000008165543420,16551.6347656250000000,16543.3735163052406278
7252,323940,307,17.6000006322214553,16559.3847656250000000,16545.0492697863592184
7252,323940,308,17.6000006322214553,16550.6875000000000000,16545.7195711788081098
7252,323940,309,17.6000008165543420,16540.8632812500000000,16535.3298995958684827
7252,323940,310,17.6000006322214553,16522.2656250000000000,16524.2699266204799642
7252,323940,311,17.6000008165543420,16519.9023437500000000,16512.2045015564217465
7252,323940,312,17.6000006322214553,16503.7578125000000000,16502.4851313659346488
7252,323940,313,17.6000006322214553,16494.5761718750000000,16492.7657611754402751
7252,323940,314,17.5785510901721125,16478.1816406250000000,16475.0027742755773943
7252,323940,315,17.6000006322214553,16524.2167968750000000,16517.2317619997811562
7252,323940,316,17.5762507662155052,16494.1503906250000000,16501.4796792772613117
7252,323940,317,17.5643496117592086,16477.6308593750000000,16477.6839798453656840
7252,323940,318,17.5386095113432816,16456.4062500000000000,16454.2234311096945021
7252,323940,319,17.5772192643030110,16437.3828125000000000,16436.1252935136071756
7252,323940,320,17.5676863743460459,16440.8906250000000000,16433.7792386400433315
7252,323940,321,17.5181132131223762,16423.7851562500000000,16421.3786628797606681
7252,323940,322,17.5171602137182987,16415.1582031250000000,16409.3132378157024505
7252,323940,323,17.5857991548558985,16388.2285156250000000,16387.1932918649290514
7252,323940,324,17.5171600304327626,16399.1523437500000000,16380.1551272442302434
7252,323940,325,17.5343199948240880,16393.2167968750000000,16382.5011821177959064
7252,323940,326,17.1586887266689772,16231.6855468750000000,16377.8090723706591234
7252,323940,327,17.3249041152670635,16382.9599609375000000,15810.0637929674667248
7252,323940,328,17.1576609116932950,16359.5361328125000000,16108.6830633029130695
7252,323940,329,16.6078351051727324,14112.3525390625000000,15091.5007002635411482
7252,323940,330,17.0831054520411740,15437.2353515625000000,15814.4207520183772431
7252,323940,331,17.5107906222123475,16307.4580078125000000,16057.0698560844393796
7252,323940,332,17.5249149213581816,16407.1113281250000000,16387.1932918649290514
7252,323940,333,17.5721276564500251,16400.5703125000000000,16395.5720592705256422
7252,323940,334,17.5222518215712846,16410.3007812500000000,16400.5993197138850519
7252,323940,335,17.5000002493269804,16401.8398437500000000,16393.8963057894034137
7252,323940,336,17.5000004326125165,16379.6455078125018190,16383.1714835102429788
7252,323940,337,17.5000002493269804,16371.4199218750000000,16362.3921403443655436
7252,323940,338,17.5171600304327626,16359.2978515625000000,16354.3485236349933984
7252,323940,339,17.4485210892951592,16348.3603515625000000,16341.6127971784844704
7252,323940,340,17.4614508010728358,16335.2187500000000000,16331.2231255955466622
7252,323940,341,17.4270111203935230,16325.4121093750000000,16318.1522484428187454
7252,323940,342,17.4485210892951592,16314.0058593750000000,16310.4437824296692270
7252,323940,343,17.4102664773759273,16301.0058593750000000,16298.3783573656110093
7252,323940,344,17.3999998664325020,16291.3115234375000000,16288.9941378713410813
7252,323940,345,17.3442307600768828,16255.8798828125000000,16276.5935621110602369
7252,323940,346,17.4085797569853931,16255.2929687500000000,16245.7596980584676203
7252,323940,347,17.4000000486706838,16236.8095703125018190,16249.4463557169274281
7252,323940,348,17.3999998664325020,16275.0068359375000000,16230.3427660321704025
7252,323940,349,17.3580455317632527,16241.4902343750000000,16246.7651501471373194
7252,323940,350,17.3990549305754669,16236.6738281250000000,16232.0185195132889930
7252,323940,351,17.3339325212612394,16227.0058593750000000,16218.6124916643348115
7252,323940,352,17.3171592646438057,16225.8955078125018190,16213.2500805247509561
7252,323940,353,17.2999922359045328,16185.5751953125000000,16201.5198061569171841
7252,323940,354,17.2999994835380200,16248.9941406250000000,16144.2090371026406501
7252,323940,355,17.2999994835380200,16222.6591796875000000,16227.6615604623802938
7252,323940,356,17.3600588985991031,16205.8154296875000000,16206.8822172964992205
7252,323940,357,17.3097074579332286,16204.2353515625000000,16193.8113401437713037
7252,323940,358,17.3160313619923230,16185.8115234375000000,16186.1028741306217853
7252,323940,359,17.2999994835380200,16180.7734375000000000,16170.3507914081001218
7252,323940,360,17.2999994835380200,16171.1552734375000000,16160.6314212176093861
7252,323940,361,17.2999996647288583,16153.9384765625000000,16154.5987086855802772
7252,323940,362,17.3600587174082683,16147.1611328125000000,16139.5169273555075051
7252,323940,363,17.2999994835380200,16132.7910156250000000,16131.4733106461353600
7252,323940,364,17.3104492424667313,16126.4990234375000000,16119.7430362783015880
7252,323940,365,17.3238694680117113,16113.7851562500000000,16110.0236660878090333
7252,323940,366,17.2999994835380200,16104.9619140625018190,16099.9691452010938519
7252,323940,367,17.2999996647288583,16100.7822265625000000,16094.9418847577344422
7252,323940,368,17.2999994835380200,16066.7783203125000000,16057.0698560844393796
7252,323940,369,17.2999996647288583,16055.9140625000000000,16052.7128970335288614
7252,323940,370,17.2999994835380200,16044.5117187500000000,16040.6474719694706437
7252,323940,371,17.2999994835380200,16045.3935546875018190,16033.2741566525492090
7252,323940,372,17.2999996647288583,16037.1904296875000000,16026.9062934242938354
7252,323940,373,17.2999994835380200,16029.9599609375000000,16022.5493343733833171
7252,323940,374,17.2999994835380200,16014.3789062500000000,16013.8354162715659186
7252,323940,375,17.2999996647288583,15999.7988281250000000,15999.4239363339402189
7252,323940,376,17.2999994835380200,15990.7031250000000000,15986.6882098774331098
7252,323940,377,17.2999920547136981,15985.2314453125000000,15978.6445931680609647
7252,323940,378,17.2885355448788545,15972.6318359375018190,15973.2821820284789283
7252,323940,379,17.2276134239881102,15960.1582031250000000,15958.5355513946306019
7252,323940,380,17.1719188898276158,15969.1416015625018190,15955.1840444323916017
7252,323940,381,17.1442318995420067,15951.4960937500000000,15941.7780165834374202
7252,323940,382,17.2000010079923022,15943.8955078125018190,15936.4156054438572028
7252,323940,383,17.2000011881358077,15932.9892578125000000,15929.7125915193792025
7252,323940,384,17.1843683615222389,15930.6103515625000000,15922.3392762024559488
7252,323940,385,17.1557699136916284,15920.9501953125000000,15912.9550567081860208
7252,323940,386,17.1203143810921574,15913.0722656250000000,15904.9114399988138757
7252,323940,387,17.0643494213500446,15906.8525390625000000,15898.8787274667847669
7252,323940,388,17.0595689633536409,15899.5683593750000000,15890.1648093649673683
7252,323940,389,17.0777099479481436,15888.8984375000000000,15880.7805898706974403
7252,323940,390,17.0236227399854059,15876.7558593750000000,15874.7478773386683315
7252,323940,391,17.0149872519093108,15864.5957031250000000,15860.6715480972670775
7252,323940,392,17.0000004202521566,15855.1494140625018190,15847.9358216407599684
7252,323940,393,17.0233277203649607,15837.9726562500000000,15831.8485882220156782
7252,323940,394,17.0624718476194737,15894.8144531250000000,15847.9358216407599684
7252,323940,395,17.0000002422033525,15880.4443359375000000,15878.7696856933544041
7252,323940,396,17.0000002422033525,15870.6962890625000000,15862.6824522746101138
7252,323940,397,17.0171602013579424,15845.0566406250018190,15833.8594923993587145
7252,323940,398,17.0214499685855820,15858.5781250000000000,15853.2982327803438238
7252,323940,399,17.0300298591384731,15841.7050781250000000,15851.2873286030007876
7252,323940,400,17.0000004202521566,15806.3369140625000000,15814.4207520183772431
7252,323940,401,16.9999929422022475,15802.7558593750000000,15798.3335185996329528
7252,323940,402,17.0000002422033525,15789.2539062500000000,15784.9274907506787713
7252,323940,403,16.9419068390981096,15785.3017578125018190,15776.8838740413066262
7252,323940,404,16.9300294762439947,15741.7353515625000000,15759.4560378376663721
7252,323940,405,16.9686391607334670,15729.7626953125000000,15727.2815710001759726
7252,323940,406,16.9878280377775965,15716.7382812500000000,15713.8755431512236100
7252,323940,407,16.9794795466215511,15737.0400390625000000,15726.6112696077307191
7252,323940,408,16.9819116083459427,15731.3349609375000000,15722.5894612530428276
7252,323940,409,16.9682363719488762,15710.2480468750000000,15709.8537347965375375
7252,323940,410,16.9545450974817911,15700.2636718750000000,15698.4586111249245732
7252,323940,411,16.9484134847721180,15690.0273437500000000,15683.7119804910780658
7252,323940,412,16.9057290382842211,15680.5439453125000000,15675.6683637817059207
7252,323940,413,16.9114304614393092,15676.0410156250000000,15666.9544456798848842
7252,323940,414,16.8487081204507376,15664.3701171875000000,15660.9217331478557753
7252,323940,415,16.8514788197317458,15651.8291015625000000,15649.5266094762446301
7252,323940,416,16.7999996523684985,15632.8964843750000000,15632.7690746650532674
7252,323940,417,16.8171592575201743,15623.8671875000000000,15615.3412384614130133
7252,323940,418,16.8437481236368498,15606.8457031250000000,15601.9352106124588317
7252,323940,419,16.8206001842927257,15595.4267578125000000,15593.2212925106396142
7252,323940,420,16.7999994764143921,15590.2890625000000000,15583.8370730163715052
7252,323940,421,16.7999994764143921,15574.0771484375000000,15572.4419493447603600
7252,323940,422,16.7999996523684985,15569.4550781250000000,15561.7171270655962871
7252,323940,423,16.7999994764143921,15560.2744140625000000,15554.3438117486730334
7252,323940,424,16.7999994764143921,15560.6708984375000000,15551.6626061788811057
7252,323940,425,16.7999924382500900,15549.3212890625000000,15544.9595922544049245
7252,323940,426,16.7999994764143921,15540.3789062500000000,15535.5753727601368155
7252,323940,427,16.7999994764143921,15521.6621093750000000,15520.8287421262866701
7252,323940,428,16.7999996523684985,15516.5830078125000000,15508.7633170622284524
7252,323940,429,16.7999994764143921,15509.1210937500000000,15504.0712073150971264
7252,323940,430,16.7999996523684985,15505.7060546875000000,15497.3681933906191261
7252,323940,431,16.7999994764143921,15490.5156250000000000,15491.3354808585900173
7252,323940,432,16.7999994764143921,15484.4550781250000000,15479.2700557945317996
7252,323940,433,16.7999996523684985,15464.5722656250000000,15467.2046307304735819
7252,323940,434,16.7999994764143921,15503.8691406250000000,15453.1283014890723280
7252,323940,435,16.7999994764143921,15484.1708984375000000,15494.0166864283819450
7252,323940,436,16.7999996523684985,15462.9970703125000000,15466.5343293380246905
7252,323940,437,16.7999994764143921,15453.9873046875000000,15451.1173973117292917
7252,323940,438,16.7999994764143921,15451.1728515625000000,15445.7549861721454363
7252,323940,439,16.7999996523684985,15442.8681640625000000,15435.0301638929831824
7252,323940,440,16.7998259923817628,15435.9101562500000000,15424.9756430062680010
7252,323940,441,16.7329562897232691,15424.2646484375000000,15420.9538346515819285
7252,323940,442,16.7500002386415332,15406.6777343750000000,15402.1853956630457105
7252,323940,443,16.7500002386415332,15417.5664062500000000,15419.6132318666859646
7252,323940,444,16.7500004140719767,15410.8994140625000000,15401.5150942705986381
7252,323940,445,16.7500002386415332,15405.1191406250000000,15392.8011761687794205
7252,323940,446,16.7500002386415332,15376.2158203125018190,15388.7793678140933480
7252,323940,447,16.7500004140719767,15369.2548828125000000,15360.6267093312908401
7252,323940,448,16.6770711689419500,15366.4853515625000000,15356.6049009766047675
7252,323940,449,16.6727740310173580,15359.2333984375000000,15356.6049009766047675
7252,323940,450,16.7242607424132999,15348.7841796875000000,15347.8909828747837309
7252,323940,451,16.7052069468029103,15326.4648437500000000,15330.4631466711452958
7252,323940,452,16.7357989356590693,15308.1093750000000000,15305.6619951505799690
7252,323940,453,16.6671596368528441,15295.3603515625000000,15292.2559673016239685
7252,323940,454,16.6499998557470583,15290.7109375000000000,15282.8717478073576785
7252,323940,455,16.6500000301301512,15277.9296875000000000,15270.1360213508505694
7252,323940,456,16.6499998557470583,15275.4716796875018190,15273.4875283130895696
7252,323940,457,16.6499998557470583,15262.6943359375000000,15253.3784865396592068
7252,323940,458,16.6500000301301512,15268.9726562500000000,15253.3784865396592068
7252,323940,459,16.6671596368528441,15253.2656250000000000,15251.3675823623161705
7252,323940,460,16.6585797462999494,15247.4003906250000000,15243.9942670453910978
7252,323940,461,16.6014452792364864,15239.8750000000000000,15235.2803489435718802
7252,323940,462,16.5557695236735256,15226.1044921875000000,15221.2040197021706263
7252,323940,463,16.5092940600844109,15211.9414062500000000,15212.4901016003495897
7252,323940,464,16.5636356525866972,15219.3691406250000000,15208.4682932456635172
7252,323940,465,16.5000002350797246,15203.6357421875018190,15203.1058821060832997
7252,323940,466,16.5132889857404095,15191.6552734375000000,15190.3701556495761906
7252,323940,467,16.5124513288897958,15187.9013671875000000,15177.6344291930690815
7252,323940,468,16.5000002350797246,15169.8525390625000000,15172.2720180534888641
7252,323940,469,16.5085802984446914,15150.1123046875000000,15156.8550860271916463
7252,323940,470,16.5000002350797246,15139.3203125000000000,15128.7024275443873194
7252,323940,471,16.5000002350797246,15126.8359375000000000,15119.9885094425699208
7252,323940,472,16.4999933225966124,15113.9189453125000000,15115.9667010878838482
7252,323940,473,16.4816801526006991,15112.6337890625018190,15105.2418788087197754
7252,323940,474,16.4471892502261525,15107.5830078125000000,15099.8794676691377390
7252,323940,475,16.4767526791425780,15097.9394531250000000,15098.5388648842417751
7252,323940,476,16.4742605634210477,15088.5468750000000000,15082.4516314654974849
7252,323940,477,16.5000004078918039,15138.0888671875000000,15117.3073038727779931
7252,323940,478,16.4699706181446004,15131.2265625000000000,15124.6806191897012468
7252,323940,479,16.5000002350797246,15115.5429687500000000,15112.6151941256430291
7252,323940,480,16.4251694334763059,15087.5234375000000000,15101.8903718464807753
7252,323940,481,16.3999998521852461,15076.1103515625000000,15070.3862064014392672
7252,323940,482,16.4646242738438318,15077.4003906250000000,15065.6940966543061222
7252,323940,483,16.5000004078918039,15079.9873046875000000,15065.6940966543061222
7252,323940,484,16.5000002350797246,15065.8076171875018190,15060.3316855147240858
7252,323940,485,16.4270909424886966,15067.7939453125000000,15056.3098771600380132
7252,323940,486,16.4386095314379901,15037.1220703125000000,15040.2226437412937230
7252,323940,487,16.3999998521852461,15020.0097656250000000,15019.4433005754144688
7252,323940,488,16.4468746263092243,15004.7050781250000000,15006.7075741189091787
7252,323940,489,16.4217643742491326,14992.4179687500000000,14988.6094365228218521
7252,323940,490,16.3999998521852461,14972.1074218750000000,14967.1597919644937065
7252,323940,491,16.4000000239499713,14930.7851562500000000,14926.2714070251859084
7252,323940,492,16.3999998521852461,14951.1933593750000000,14930.2932153798719810
7252,323940,493,16.4149231557849049,14975.2578125000000000,14947.7210515835122351
7252,323940,494,16.4065264467325385,14957.6152343750000000,14955.0943669004354888
7252,323940,495,16.3999998521852461,14945.2255859375018190,14943.0289418363772711
7252,323940,496,16.3999928098314030,14937.5205078125000000,14930.2932153798719810
7252,323940,497,16.4000000239499713,14929.7412109375000000,14922.9199000629469083
7252,323940,498,16.3999998521852461,14930.2880859375000000,14919.5683931007097272
7252,323940,499,16.4000000239499713,14923.2255859375018190,14913.5356805686806183
7252,323940,500,16.3999998521852461,14913.6455078125000000,14913.5356805686806183
7252,323940,501,16.3999998521852461,14911.8642578125000000,14902.8108582895165455
7252,323940,502,16.4000000239499713,14903.9951171875000000,14897.4484471499363281
7252,323940,503,16.3999998521852461,14880.6552734375000000,14884.0424193009803275
7252,323940,504,16.2977289334443824,14861.5595703125018190,14862.5927747426558199
7252,323940,505,16.2499999248744089,14842.8652343750000000,14841.8134315767765656
7252,323940,506,16.2499997546807009,14833.0966796875000000,14830.4183079051654204
7252,323940,507,16.2499997546807009,14831.3369140625000000,14823.0449925882421667
7252,323940,508,16.2499999248744089,14815.6005859375000000,14810.9795675241839490
7252,323940,509,16.2499997546807009,14785.2138671875018190,14789.5299229658558033
7252,323940,510,16.2499999248744089,14786.6113281250000000,14778.1347992942464771
7252,323940,511,16.2499997546807009,14784.3417968750000000,14778.8051006866953685
7252,323940,512,16.2499997546807009,14780.8769531250000000,14778.1347992942464771
7252,323940,513,16.2499999248744089,14779.4882812500000000,14768.0802784075312957
7252,323940,514,16.2499997546807009,14762.8085937500000000,14762.0475658755021868
7252,323940,515,16.2499997546807009,14754.1347656250018190,14754.0039491661300417
7252,323940,516,16.2499999248744089,14747.3281250000000000,14745.2900310643090052
7252,323940,517,16.2499997546807009,14739.2207031250018190,14734.5652087851449323
7252,323940,518,16.2227228907706795,14716.9619140625018190,14721.1591809361925698
7252,323940,519,16.1924457064739400,14765.7685546875000000,14737.2464143549368600
7252,323940,520,16.1999935604360807,14755.0781250000000000,14749.9821408114439691
7252,323940,521,16.2000005169078420,14731.5312500000000000,14733.2246060002507875
7252,323940,522,16.2000006865778836,14721.8359375000000000,14715.1264684041634609
7252,323940,523,16.2000005169078420,14702.8642578125000000,14703.0610433401052433
7252,323940,524,16.1909859667109366,14698.1884765625000000,14688.9847140987039893
7252,323940,525,16.1232163312458674,14695.3583984375000000,14682.9520015666748805
7252,323940,526,16.1613910094198268,14676.3847656250018190,14674.9083848573027353
7252,323940,527,16.1226418619082494,14658.7832031250000000,14658.8211514385566261
7252,323940,528,16.1000001340133672,14657.8125000000000000,14650.1072333367374085
7252,323940,529,16.1000001340133672,14648.6962890625000000,14644.7448221971553721
7252,323940,530,16.1000003026360581,14638.6982421875000000,14633.3496985255460459
7252,323940,531,16.1386096415013824,14637.1337890625018190,14632.0090957406500820
7252,323940,532,16.1000001340133672,14634.8417968750000000,14622.6248762463819730
7252,323940,533,16.1343198648476260,14621.3437500000000000,14620.6139720690389368
7252,323940,534,16.1000001340133672,14620.6083984375000000,14613.9109581445609365
7252,323940,535,16.1000003026360581,14604.4580078125000000,14602.5158344729516102
7252,323940,536,16.1000001340133672,14600.5361328125000000,14592.4613135862364288
7252,323940,537,16.1000001340133672,14595.1103515625000000,14587.7692038391014648
7252,323940,538,16.1000003026360581,14581.0976562500000000,14577.7146829523862834
7252,323940,539,16.1000001340133672,14545.6728515625000000,14567.6601620656711020
7252,323940,540,16.1000001340133672,14569.6396484375018190,14544.8699147224488115
7252,323940,541,16.1000003026360581,14572.3671875000000000,14556.9353397865070292
7252,323940,542,16.1000001340133672,14562.1855468750000000,14554.2541342167187395
7252,323940,543,16.1000001340133672,14552.1386718750018190,14546.2105175073465944
7252,323940,544,16.0986654363358497,14554.9384765625000000,14540.8481063677627390
7252,323940,545,16.0927481962302679,14521.9072265625000000,14530.1232840886004851
7252,323940,546,16.1000003026360581,14519.2412109375000000,14510.6845437076171947
7252,323940,547,16.0871302981840287,14521.9033203125000000,14511.3548451000660862
7252,323940,548,16.1000001340133672,14516.5449218750000000,14508.0033381378270860
7252,323940,549,16.1000003026360581,14493.8544921875000000,14495.9379130737688683
7252,323940,550,16.0949722752080220,14494.6845703125000000,14485.2130907946047955
7252,323940,551,16.0386092586069005,14478.5000000000000000,14472.4773643380995054
7252,323940,552,16.0171596998000112,14465.0439453125000000,14461.7525420589354326
7252,323940,553,15.9999997511188852,14455.6904296875000000,14452.3683225646673236
7252,323940,554,15.9999997511188852,14450.7216796875018190,14444.9950072477440699
7252,323940,555,16.0116859872753494,14445.7587890625000000,14439.6325961081620335
7252,323940,556,16.0140533541964416,14431.3955078125000000,14429.5780752214468521
7252,323940,557,15.9999999186942290,14430.6611328125000000,14424.2156640818648157
7252,323940,558,15.9999997511188852,14424.3798828125000000,14415.5017459800455981
7252,323940,559,15.9999997511188852,14411.7500000000000000,14412.1502390178065980
7252,323940,560,15.9999999186942290,14402.7900390625000000,14399.4145125612994889
7252,323940,561,15.8850585325608122,14399.5859375000000000,14392.7114986368251266
7252,323940,562,15.9500000365088255,14452.0595703125018190,14414.1611431951496343
7252,323940,563,15.9886097110485146,14433.6650390625000000,14436.2810891459230334
7252,323940,564,15.6310539718591919,13969.8261718750000000,14419.5235543347316707
7252,323940,565,15.7745654212600996,14419.7949218750000000,13794.1323551810364734
7252,323940,566,15.6368791769755084,14408.7041015625000000,14242.5639867285408400
7252,323940,567,15.2629000632474945,12620.7070312500000000,13320.2292707205178885
7252,323940,568,15.5237401302641338,13533.8466796875000000,13932.2144420252589043
7252,323940,569,15.8761893716212921,14491.0869140625000000,14184.2477655855927878
7252,323940,570,16.0000002279560860,14476.9013671875000000,14474.4882685154425417
7252,323940,571,16.0000003955314298,14465.5751953125000000,14460.4119392740412877
7252,323940,572,16.0000002279560860,14454.3349609375000000,14451.6980211722202512
7252,323940,573,16.0000002279560860,14441.4931640625000000,14440.3028975006091059
7252,323940,574,16.0000003955314298,14434.3017578125018190,14428.2374724365508882
7252,323940,575,16.0000002279560860,14416.5986328125000000,14416.1720473724926705
7252,323940,576,15.9523535226815056,14414.7773437500000000,14403.4363209159855614
7252,323940,577,15.8467518257603253,14407.4404296875000000,14403.4363209159855614
7252,323940,578,15.8462963254251861,14402.6992187500000000,14394.7224028141681629
7252,323940,579,15.7636160383468944,14393.1220703125000000,14386.6787861047960178
7252,323940,580,15.8414208827401470,14380.9931640625000000,14378.6351693954238726
7252,323940,581,15.8551139771968046,14368.5263671875000000,14366.5697443313638360
7252,323940,582,15.8959144779697645,14364.2343750000000000,14358.5261276219916908
7252,323940,583,15.8143491989811871,14355.0068359375000000,14353.1637164824096544
7252,323940,584,15.7800298413293838,14345.9462890625000000,14341.0982914183514367
7252,323940,585,15.7500003893512606,14337.6015625000000000,14333.7249761014281830
7252,323940,586,15.7585801149471632,14325.3076171875018190,14323.0001538222641102
7252,323940,587,15.7500002243942756,14320.6943359375000000,14316.2971398977861099
7252,323940,588,15.7584412002134364,14310.4189453125000000,14308.9238245808628562
7252,323940,589,15.8500006072887007,14297.8945312500000000,14295.5177967319086747
7252,323940,590,15.7616774983781021,14288.3398437500000000,14282.7820702754033846
7252,323940,591,15.7500003893512606,14274.7792968750000000,14274.7384535660294205
7252,323940,592,15.7499934611579597,14273.2666015625000000,14264.0136312868671666
7252,323940,593,15.7500003893512606,14261.7919921875000000,14257.9809187548380578
7252,323940,594,15.7500002243942756,14259.4121093750000000,14253.2888090077049128
7252,323940,595,15.7500002243942756,14249.3496093750000000,14248.5966992605699488
7252,323940,596,15.7500003893512606,14239.9902343750000000,14235.8609728040628397
7252,323940,597,15.7500002243942756,14230.2558593750000000,14226.4767533097965497
7252,323940,598,15.7500002243942756,14219.4863281250000000,14217.0925338155302597
7252,323940,599,15.7500003893512606,14209.7968750000000000,14207.7083143212603318
7252,323940,600,15.7500002243942756,14203.6523437500000000,14199.6646976118881867
7252,323940,601,15.7500002243942756,14196.2490234375000000,14190.9507795100671501
7252,323940,602,15.7500003893512606,14189.2519531250000000,14186.2586697629358241
7252,323940,603,15.7500002243942756,14185.9628906250018190,14179.5556558384578238
7252,323940,604,15.7500003893512606,14175.3388671875000000,14174.1932446988776064
7252,323940,605,15.7500002243942756,14164.3828125000000000,14160.7872168499216059
7252,323940,606,15.7500002243942756,14138.6035156250000000,14139.3375722915970982
7252,323940,607,15.7500003893512606,14135.6201171875000000,14124.5909416577469528
7252,323940,608,15.7500002243942756,14128.6044921875000000,14123.2503388728528080
7252,323940,609,15.7500002243942756,14129.4746093750018190,14122.5800374804039166
7252,323940,610,15.7500003893512606,14170.6464843750000000,14146.7108876085203519
7252,323940,611,15.7500002243942756,14150.0556640625018190,14131.2939555822249531
7252,323940,612,15.7500002243942756,14152.0498046875000000,14146.0405862160732795
7252,323940,613,15.7500003893512606,14145.9492187500000000,14140.6781750764912431
7252,323940,614,15.7500002243942756,14136.7675781250000000,14131.9642569746720255
7252,323940,615,15.7500002243942756,14154.5908203125000000,14129.9533527973289893
7252,323940,616,15.7499936261149429,14114.6650390625000000,14121.2394346955097717
7252,323940,617,15.7500002243942756,14104.8857421875018190,14102.4709957069735538
7252,323940,618,15.7445098595289146,14095.6396484375018190,14091.0758720353624085
7252,323940,619,15.7083013561757348,14074.7070312500000000,14074.9886386166181182
7252,323940,620,15.6732072870763979,14075.4472656250000000,14069.6262274770360818
7252,323940,621,15.6671597865152599,14061.8095703125018190,14060.2420079827679729
7252,323940,622,15.7057691300936213,14051.3056640625018190,14046.8359801338156103
7252,323940,623,15.6671596226056256,14039.1015625000000000,14036.7814592471004289
7252,323940,624,15.6757396770681474,14033.2490234375000000,14028.0675411452793924
7252,323940,625,15.6499998414998505,14026.5625000000000000,14022.7051300056991749
7252,323940,626,15.6499998414998505,14024.0917968750000000,14017.3427188661153195
7252,323940,627,15.6500000054094848,14014.2714843750000000,14010.6397049416409573
7252,323940,628,15.6499998414998505,14008.0898437500000000,14003.2663896247140656
7252,323940,629,15.6500000054094848,13996.1269531250000000,13993.2118687379988842
7252,323940,630,15.6499998414998505,13985.8076171875018190,13985.1682520286267390
7252,323940,631,15.6499998414998505,13971.7792968750000000,13972.4325255721214489
7252,323940,632,15.5237116826765131,13966.8447265625000000,13963.7186074703022314
7252,323940,633,15.5000002208324617,13965.5380859375000000,13953.6640865835870500
7252,323940,634,15.5000002208324617,13951.8417968750000000,13949.6422782289009774
7252,323940,635,15.5000003831710806,13938.9169921875000000,13936.2362503799449769
7252,323940,636,15.5000002208324617,13926.9160156250000000,13922.8302225309926143
7252,323940,637,15.5000002208324617,13917.4150390625000000,13916.7975099989635055
7252,323940,638,15.5000003831710806,13884.9814453125000000,13891.3260570859511063
7252,323940,639,15.5000002208324617,13897.6992187500000000,13881.9418375916829973
7252,323940,640,15.4999937272877233,13889.6142578125000000,13884.6230431614731060
7252,323940,641,15.5413074982669990,13916.1630859375000000,13890.6557556935022149
7252,323940,642,15.5230417134251155,13883.4267578125000000,13892.6666598708452511
7252,323940,643,15.5000003831710806,13877.5761718750000000,13873.8982208823108522
7252,323940,644,15.5000002208324617,13860.0224609375000000,13860.4921930333566706
7252,323940,645,15.5000002208324617,13859.0302734375000000,13851.1079735390903807
7252,323940,646,15.5000003831710806,13846.2617187500000000,13843.0643568297182355
7252,323940,647,15.5000002208324617,13840.2041015625000000,13833.0098359430030541
7252,323940,648,15.5000002208324617,13834.9687500000000000,13825.6365206260761624
7252,323940,649,15.4356516131438894,13825.0371093750000000,13818.2632053091529087
7252,323940,650,15.5000002208324617,13812.8837890625018190,13808.8789858148847998
7252,323940,651,15.5000003831710806,13804.1542968750000000,13795.4729579659306182
7252,323940,652,15.5000002208324617,13790.8535156250000000,13787.4293412565584731
7252,323940,653,15.3832445258339270,13772.6298828125000000,13770.0015050529200380
7252,323940,654,15.3500007609326765,13758.5634765625000000,13758.6063813813070738
7252,323940,655,15.3500006001650728,13803.6679687500000000,13788.7699440414526180
7252,323940,656,15.4856183995546068,13789.8173828125000000,13790.7808482187956542
7252,323940,657,15.4396036566383135,13783.6367187500000000,13780.0560259396352194
7252,323940,658,15.3500006001650728,13777.4716796875018190,13773.3530120151572191
7252,323940,659,15.3500006001650728,13764.6093750000000000,13760.6172855586501100
7252,323940,660,15.3500007609326765,13754.4970703125000000,13751.2330660643838200
7252,323940,661,15.3886098621813883,13749.1845703125000000,13745.8706549248017836
7252,323940,662,15.3500006001650728,13743.2929687500000000,13738.4973396078767109
7252,323940,663,15.3499941694609294,13731.3974609375000000,13731.7943256834005297
7252,323940,664,15.3500006001650728,13726.8974609375000000,13725.7616131513714208
7252,323940,665,15.3285510345504576,13717.1318359375018190,13714.3664894797602756
7252,323940,666,15.3500006001650728,13705.4033203125000000,13701.6307630232549855
7252,323940,667,15.3500006001650728,13697.4755859375018190,13690.9059407440909126
7252,323940,668,15.3500007609326765,13675.7304687500000000,13674.8187073253466224
7252,323940,669,15.3500006001650728,13666.6796875000000000,13664.7641864386314410
7252,323940,670,15.3500006001650728,13665.4902343750000000,13656.7205697292592959
7252,323940,671,15.3500007609326765,13658.5273437500000000,13648.0066516274382593
7252,323940,672,15.3500006001650728,13651.2636718750000000,13647.3363502349911869
7252,323940,673,15.3414207096121853,13644.4931640625000000,13639.9630349180661142
7252,323940,674,15.2913880964002118,13637.8085937500000000,13631.9194182086939691
7252,323940,675,15.3185244138922183,13632.6523437500000000,13627.2273084615590051
7252,323940,676,15.3500007609326765,13625.6630859375000000,13619.1836917521868600
7252,323940,677,15.3414207096121853,13614.5664062500000000,13610.4697736503694614
7252,323940,678,15.2684916399126394,13609.3876953125018190,13605.7776639032344974
7252,323940,679,15.2975997224537679,13611.6611328125000000,13601.0855541560995334
7252,323940,680,15.2951530067328871,13598.9404296875000000,13594.3825402316251711
7252,323940,681,15.2985212568477458,13591.8779296875000000,13587.6795263071471709
7252,323940,682,15.2807349609684398,13581.6406250000000000,13582.9874165600122069
7252,323940,683,15.2500002172706477,13583.4443359375000000,13577.6250054204319895
7252,323940,684,15.2585801078235352,13577.2734375000000000,13570.2516901035069168
7252,323940,685,15.2328405958851256,13560.4482421875000000,13559.5268678243446629
7252,323940,686,15.1775529659442441,13534.7958984375000000,13534.7257163037793362
7252,323940,687,15.1499934874600726,13518.7128906250018190,13518.6384828850350459
7252,323940,688,15.1499998343762226,13511.8837890625018190,13506.5730578209768282
7252,323940,689,15.1757395060348870,13509.7109375000000000,13499.1997425040517555
7252,323940,690,15.2014793363664538,13506.8095703125018190,13497.1888383267087193
7252,323940,691,15.1840609703262146,13503.3974609375000000,13496.5185369342598278
7252,323940,692,15.2274772756137722,13499.3789062500000000,13491.8264271871266828
7252,323940,693,15.1499999930491285,13488.3466796875000000,13487.8046188324406103
7252,323940,694,15.1499998343762226,13481.0908203125000000,13476.4094951608294650
7252,323940,695,15.1499998343762226,13470.3369140625000000,13468.3658784514573199
7252,323940,696,15.1499999930491285,13460.6142578125000000,13458.3113575647421385
7252,323940,697,15.1671596154819976,13460.5449218750000000,13450.2677408553699934
7252,323940,698,15.1499998343762226,13449.9501953125000000,13446.2459325006839208
7252,323940,699,15.1499999930491285,13438.8808593750018190,13437.5320143988628843
7252,323940,700,15.1499998343762226,13426.8281250000000000,13426.8071921197024494
7252,323940,701,15.1499999930491285,13419.9892578125000000,13416.7526712329854490
7252,323940,702,15.1499998343762226,13412.8105468750000000,13407.3684517387173400
7252,323940,703,15.1499998343762226,13447.6074218750000000,13434.1805074366257031
7252,323940,704,15.1499999930491285,13428.9628906250018190,13432.8399046517315583
7252,323940,705,15.1499998343762226,13410.7480468750000000,13412.0605614858523040
7252,323940,706,15.1499998343762226,13400.2177734375018190,13397.9842322444510501
7252,323940,707,15.1710478376511055,13393.1503906250000000,13399.9951364217940863
7252,323940,708,15.2404905669617836,13404.0517578125018190,13387.2594099652869772
7252,323940,709,15.1499998343762226,13367.5068359375000000,13369.8315737616467231
7252,323940,710,15.1671597741549018,13386.4560546875000000,13375.1939849012287596
7252,323940,711,15.2014726721044973,13392.8515625000000000,13393.2921224973160861
7252,323940,712,15.1499999930491285,13373.0820312500000000,13368.4909709767507593
7252,323940,713,15.1843193965877745,13364.2695312500000000,13356.4255459126925416
7252,323940,714,15.1499998343762226,13359.6103515625000000,13352.4037375580064690
7252,323940,715,15.1499999930491285,13353.0068359375000000,13345.7007236335302878
7252,323940,716,15.1499998343762226,13340.9238281250000000,13336.3165041392621788
7252,323940,717,15.1499998343762226,13330.1074218750000000,13326.9322846449940698
7252,323940,718,15.1499999930491285,13327.3583984375000000,13320.2292707205178885
7252,323940,719,15.1499998343762226,13311.4873046875000000,13309.5044484413556347
7252,323940,720,15.1499998343762226,13283.0859375000000000,13288.0548038830274891
7252,323940,721,15.1499999930491285,13286.5742187500000000,13281.3517899585531268
7252,323940,722,15.1499998343762226,13275.8027343750018190,13270.6269676793890540
7252,323940,723,15.1499999930491285,13274.2910156250000000,13266.6051593247029814
7252,323940,724,15.1499998343762226,13275.5507812500000000,13265.9348579322540900
7252,323940,725,15.1499998343762226,13261.8759765625000000,13264.5942551473599451
7252,323940,726,15.1499999930491285,13250.8593750000000000,13245.8258161588237272
7252,323940,727,15.1499998343762226,13241.8486328125000000,13235.7712952721085458
7252,323940,728,15.1499998343762226,13230.2050781250000000,13229.0682813476305455
7252,323940,729,15.1499999930491285,13230.5527343750018190,13222.3652674231561832
7252,323940,730,15.1499998343762226,13224.0517578125018190,13223.0355688156014367
7252,323940,731,15.1499998343762226,13214.2373046875000000,13211.6404451439921104
7252,323940,732,15.1499999930491285,13212.2861328125000000,13202.2562256497240014
7252,323940,733,15.1499998343762226,13202.4511718750000000,13194.8829103327989287
7252,323940,734,15.1499999930491285,13195.6113281250000000,13191.5314033705617476
7252,323940,735,15.1499933287871684,13187.0527343750018190,13182.8174852687407110
7252,323940,736,15.1499998343762226,13175.1318359375018190,13176.1144713442645298
7252,323940,737,15.1499999930491285,13168.6552734375000000,13163.3787448877592396
7252,323940,738,15.1499998343762226,13155.1943359375000000,13151.9836212161480944
7252,323940,739,15.1499998343762226,13136.3095703125018190,13140.5884975445369491
7252,323940,740,15.0074685608652647,13121.7812500000000000,13121.8200585560025502
7252,323940,741,15.0000002137088337,13119.2285156250018190,13113.1061404541815136
7252,323940,742,15.0000002137088337,13108.8271484375000000,13107.0734279221524048
7252,323940,743,14.9029556042630524,13100.8349609375000000,13097.6892084278842958
7252,323940,744,14.8500005930414449,13103.7343750000000000,13095.6783042505412595
7252,323940,745,14.9381705047933764,13103.3261718750000000,13095.0080028580941871
7252,323940,746,15.0000003708107243,13088.0107421875000000,13086.9643861487220420
7252,323940,747,14.9078354011761913,13083.7421875000000000,13082.2722764015870780
7252,323940,748,14.8500007485723202,13079.9755859375018190,13074.2286596922149329
7252,323940,749,14.8500005930414449,13087.0000000000000000,13082.2722764015870780
7252,323940,750,14.8500005930414449,13080.4472656250000000,13073.5583582997678604
7252,323940,751,14.8500007485723202,13073.0312500000000000,13068.1959471601858240
7252,323940,752,14.8500005930414449,13059.9091796875000000,13058.1414262734706426
7252,323940,753,14.8500005930414449,13046.9492187500000000,13046.7463026018613164
7252,323940,754,14.8500007485723202,13037.0888671875000000,13036.6917817151461350
7252,323940,755,14.8500005930414449,13023.9716796875018190,13023.9560552586390259
7252,323940,756,14.8500005930414449,13007.9697265625018190,13011.2203288021319167
7252,323940,757,14.8500007485723202,13001.5830078125000000,12998.4846023456266266
7252,323940,758,14.8500005930414449,12748.3037109375018190,8102.6032319076894055
7252,323940,759,14.8499943718064866,12731.6132812500000000,6367.1929268606181722
7252,323940,760,15.0166984373100760,12750.7500000000000000,12720.3095244798332715
7252,323940,761,14.9500000222615661,12724.5000000000000000,12729.6937439741031994
7252,323940,762,14.9500001788397796,12728.6660156250000000,12720.9798258722821629
7252,323940,763,14.9500000222615661,12720.3906250000000000,12716.2877161251471989
7252,323940,764,14.9500000222615661,12715.8037109375018190,12708.9144008082239452
7252,323940,765,14.9500001788397796,12706.0576171875018190,12702.8816882761948364
7252,323940,766,14.9500000222615661,12699.9189453125000000,12698.8598799215087638
7252,323940,767,14.9500000222615661,12690.8779296875000000,12687.4647562498976185
7252,323940,768,14.9500001788397796,12669.9267578125000000,12675.3993311858375819
7252,323940,769,14.9500000222615661,12685.1357421875018190,12660.6527005519910745
7252,323940,770,14.9500001788397796,12685.8632812500000000,12684.7835506801075098
7252,323940,771,14.9500000222615661,12621.5156250000000000,12645.9060699181409291
7252,323940,772,14.9500000222615661,12658.6464843750000000,12633.8406448540827114
7252,323940,773,14.9500001788397796,12639.8867187500000000,12648.5872754879328568
7252,323940,774,14.9500000222615661,12641.9023437500000000,12632.5000420691867475
7252,323940,775,14.9500000222615661,12605.9960937500000000,12623.1158225749186386
7252,323940,776,14.9500001788397796,12598.0957031250000000,12590.9413557374300581
7252,323940,777,14.9330441318697282,12605.5263671875000000,12592.2819585223260219
7252,323940,778,14.8684048177491484,12594.0712890625000000,12590.9413557374300581
7252,323940,779,14.8656809014944979,12592.7500000000000000,12584.2383418129538768
7252,323940,780,14.9000003076515064,12582.4541015625000000,12584.2383418129538768
7252,323940,781,14.9000004637060499,12580.6835937500000000,12569.4917111791037314
7252,323940,782,14.8656807454399544,12575.8916015625000000,12569.4917111791037314
7252,323940,783,14.8999939094152047,12565.1601562500000000,12561.4480944697315863
7252,323940,784,14.8021560349137680,12557.1279296875000000,12548.0420666207774048
7252,323940,785,14.7675718163095517,12554.8652343750000000,12548.0420666207774048
7252,323940,786,14.7500002101470198,12538.5800781250000000,12539.9984499114052596
7252,323940,787,14.7730352597033452,12532.1884765625000000,12526.5924220624510781
7252,323940,788,14.7398349872557528,12518.6777343750000000,12514.5269969983928604
7252,323940,789,14.7500002101470198,12505.3388671875000000,12505.1427775041265704
7252,323940,790,14.7156808024189942,12494.2226562500000000,12494.4179552249624976
7252,323940,791,14.7585801006999073,12477.5966796875000000,12474.3089134515321348
7252,323940,792,14.7028108121061365,12475.0292968750000000,12462.2434883874739171
7252,323940,793,14.7173901738462689,12469.6494140625000000,12462.2434883874739171
7252,323940,794,14.7182610990487888,12464.3994140625000000,12462.2434883874739171
7252,323940,795,14.7018570538971574,12453.2919921875000000,12450.1780633234156994
7252,323940,796,14.6908948889693090,12451.7480468750000000,12440.7938438291475904
7252,323940,797,14.6691639994060949,12446.3320312500000000,12440.7938438291475904
7252,323940,798,14.6499999806887686,12447.1689453125000000,12440.7938438291475904
7252,323940,799,14.6499998272525946,12441.9453125000000000,12440.7938438291475904
7252,323940,800,14.6499998272525946,12425.1230468750000000,12423.3660076255073363
7252,323940,801,14.6499999806887686,12418.9062500000000000,12416.6629937010293361
7252,323940,802,14.6499998272525946,12414.2675781250000000,12419.3441992708212638
7252,323940,803,14.6714495536348153,12410.1914062500000000,12397.8945547124949371
7252,323940,804,14.6499999806887686,12404.5781250000000000,12397.8945547124949371
7252,323940,805,14.6499998272525946,12396.6640625000000000,12397.8945547124949371
7252,323940,806,14.6499999806887686,12384.8691406250000000,12383.1479240786466107
7252,323940,807,14.6499935363694576,12368.2646484375000000,12369.7418962296924292
7252,323940,808,14.6499998272525946,12358.0976562500000000,12354.9952655958422838
7252,323940,809,14.6499999806887686,12341.3203125000000000,12340.2486349619939574
7252,323940,810,14.6499998272525946,12338.3027343750018190,12333.5456210375177761
7252,323940,811,14.6499998272525946,12328.9023437500000000,12332.2050182526199933
7252,323940,812,14.6499999806887686,12325.6279296875000000,12312.0959764791896305
7252,323940,813,14.6499998272525946,12315.7558593750000000,12312.0959764791896305
7252,323940,814,14.6499998272525946,12316.3574218750000000,12312.0959764791896305
7252,323940,815,14.6499999806887686,12308.5175781250000000,12308.0741681245035579
7252,323940,816,14.6499998272525946,12300.4902343750000000,12290.6463319208651228
7252,323940,817,14.6499999806887686,12304.4082031250000000,12290.6463319208651228
7252,323940,818,14.6499998272525946,12296.0146484375000000,12290.6463319208651228
7252,323940,819,14.6499998272525946,12289.2792968750000000,12290.6463319208651228
7252,323940,820,14.6499999806887686,12282.5009765625000000,12274.5590985021208326
7252,323940,821,14.6499998272525946,12275.9423828125000000,12269.1966873625369772
7252,323940,822,14.6499998272525946,12267.5253906250000000,12269.1966873625369772
7252,323940,823,14.6499999806887686,12254.0712890625000000,12249.0876455891066144
7252,323940,824,14.5134244534392423,12238.5556640625018190,12233.0004121703623241
7252,323940,825,14.5000002065852058,12220.7500000000000000,12223.6161926760960341
7252,323940,826,14.5707840054802755,12216.1132812500000000,12204.8477536875598162
7252,323940,827,14.5000002065852058,12209.9052734375000000,12204.8477536875598162
7252,323940,828,14.5000003584503645,12194.7402343750000000,12203.5071509026638523
7252,323940,829,14.5886489385403575,12198.7402343750000000,12183.3981091292334895
7252,323940,830,14.6499935363694576,12190.5888671875000000,12183.3981091292334895
7252,323940,831,14.6499999806887686,12193.9160156250000000,12183.3981091292334895
7252,323940,832,14.6499998272525946,12181.9082031250000000,12183.3981091292334895
7252,323940,833,14.6112752527431162,12179.4726562500000000,12183.3981091292334895
7252,323940,834,14.5664618921465845,12172.5820312500000000,12167.3108757104891993
7252,323940,835,14.6458896139787171,12165.0322265625000000,12161.9484645709089818
7252,323940,836,14.5000002065852058,12151.9794921875000000,12153.9048478615368367
7252,323940,837,14.4146767203631470,12145.0136718750000000,12140.4988200125808362
7252,323940,838,14.3500005859178170,12136.4511718750000000,12139.1582172276866913
7252,323940,839,14.3500005859178170,12124.1757812500000000,12119.0491754542563285
7252,323940,840,14.4220120936765817,12115.6318359375018190,12116.3679698844644008
7252,323940,841,14.3873821374994222,12113.2246093750000000,12113.6867643146724731
7252,323940,842,14.3500007362119604,12115.7724609375000000,12097.5995308959281829
7252,323940,843,14.3500005859178170,12109.4404296875000000,12098.9401336808259657
7252,323940,844,14.3500005859178170,12104.4638671875018190,12097.5995308959281829
7252,323940,845,14.3500007362119604,12091.5703125000000000,12086.8747086167677480
7252,323940,846,14.3825176281318079,12090.8857421875018190,12076.1498863376036752
7252,323940,847,14.3689625597255795,12095.2324218750000000,12076.1498863376036752
7252,323940,848,14.3500007362119604,12090.9882812500000000,12088.2153114016618929
7252,323940,849,14.3500005859178170,12078.2363281250000000,12076.1498863376036752
7252,323940,850,14.3500005859178170,12078.5683593750000000,12076.1498863376036752
7252,323940,851,14.3500007362119604,12072.4472656250000000,12065.4250640584396024
7252,323940,852,14.3500005859178170,12061.5468750000000000,12054.7002417792773485
7252,323940,853,14.3500007362119604,12044.1699218750000000,12050.6784334245912760
7252,323940,854,14.3499944238579005,12029.8876953125018190,12031.9099944360550580
7252,323940,855,14.3500005859178170,12019.4960937500000000,12013.1415554475206591
7252,323940,856,14.3500007362119604,12005.4833984375000000,12002.4167331683565862
7252,323940,857,14.3500005859178170,11998.6376953125018190,11998.3949248136705137
7252,323940,858,14.3500005859178170,11988.6318359375018190,11990.3513081042983686
7252,323940,859,14.3500007362119604,11959.0419921875000000,11979.6264858251361147
7252,323940,860,14.3500005859178170,11999.5400390625000000,11956.8362384819138242
7252,323940,861,14.3500005859178170,11987.0458984375000000,11989.0107053194024047
7252,323940,862,14.3500007362119604,11981.2705078125000000,11978.2858830402401509
7252,323940,863,14.3500005859178170,11982.8017578125018190,11968.9016635459720419
7252,323940,864,14.3500007362119604,11982.6269531250000000,11968.9016635459720419
7252,323940,865,14.3500005859178170,11959.1552734375000000,11968.9016635459720419
7252,323940,866,14.3500005859178170,11957.0664062500000000,11943.4302106329614617
7252,323940,867,14.3500007362119604,11946.5781250000000000,11947.4520189876475342
7252,323940,868,14.3242609142591544,11945.0136718750000000,11936.7271967084834614
7252,323940,869,14.3500005859178170,11936.0810546875000000,11927.3429772142171714
7252,323940,870,14.3500007362119604,11921.1875000000000000,11923.3211688595310989
7252,323940,871,14.2907414697830042,11908.2617187500000000,11904.5527298709948809
7252,323940,872,14.2585800935762794,11894.7333984375000000,11895.1685103767267719
7252,323940,873,14.2500003522701864,11878.4238281250000000,11881.7624825277725904
7252,323940,874,14.2500002030233919,11876.8066406250018190,11861.6534407543422276
7252,323940,875,14.2500003522701864,11867.9199218750000000,11861.6534407543422276
7252,323940,876,14.2500002030233919,11869.5058593750000000,11861.6534407543422276
7252,323940,877,14.2915094988115285,11858.5869140625000000,11861.6534407543422276
7252,323940,878,14.2985152308347168,11857.3085937500000000,11853.6098240449700825
7252,323940,879,14.2672185414632509,11856.1464843750000000,11840.2037961960159009
7252,323940,880,14.2500002030233919,11847.6572265625000000,11842.8850017658060096
7252,323940,881,14.2968361733565352,11840.6220703125000000,11840.2037961960159009
7252,323940,882,14.3061230685716954,11834.2099609375000000,11833.5007822715397197
7252,323940,883,14.2500002030233919,11830.3720703125000000,11818.7541516376895743
7252,323940,884,14.2500003522701864,11822.0224609375000000,11818.7541516376895743
7252,323940,885,14.2757398746820563,11818.8281250000000000,11818.7541516376895743
7252,323940,886,14.2800298199585001,11810.0820312500000000,11809.3699321434214653
7252,323940,887,14.2500003522701864,11801.2246093750000000,11797.3045070793632476
7252,323940,888,14.2500002030233919,11788.9306640625000000,11790.6014931548870663
7252,323940,889,14.2199707353350782,11770.4951171875000000,11775.8548625210387399
7252,323940,890,14.1697298785868373,11760.0283203125000000,11754.4052179627105943
7252,323940,891,14.1499998201289667,11762.7890625000000000,11754.4052179627105943
7252,323940,892,14.1843195305399625,11757.7197265625018190,11754.4052179627105943
7252,323940,893,14.2256851796686288,11754.3867187500000000,11751.7240123929223046
7252,323940,894,14.1858530377768481,11743.2558593750000000,11745.0209984684443043
7252,323940,895,14.1499999683284123,11746.0166015625000000,11732.9555734043860866
7252,323940,896,14.1928992728934062,11736.8378906250000000,11732.9555734043860866
7252,323940,897,14.1795324035435115,11734.5458984375000000,11732.9555734043860866
7252,323940,898,14.1547869471254177,11727.9326171875000000,11731.6149706194883038
7252,323940,899,14.1671596012347418,11720.0527343750018190,11711.5059288460579410
7252,323940,900,14.1499999683284123,11666.7656250000000000,11695.4186954273136507
7252,323940,901,14.1499998201289667,11688.2968750000000000,11676.6502564387792518
7252,323940,902,14.1499937439517431,11687.7998046875000000,11673.9690508689891431
7252,323940,903,14.1499999683284123,11683.4443359375000000,11687.3750787179415056
7252,323940,904,14.1499998201289667,11678.6376953125018190,11668.6066397294071066
7252,323940,905,14.1499998201289667,11672.2841796875000000,11668.6066397294071066
7252,323940,906,14.1499999683284123,11658.7705078125000000,11660.5630230200349615
7252,323940,907,14.1499998201289667,11644.7246093750000000,11647.1569951710807800
7252,323940,908,14.1499998201289667,11641.1806640625000000,11628.3885561825463810
7252,323940,909,14.1499999683284123,11637.2207031250000000,11625.7073506127544533
7252,323940,910,14.1499998201289667,11637.5898437500000000,11625.7073506127544533
7252,323940,911,14.1499999683284123,11638.7187500000000000,11625.7073506127544533
7252,323940,912,14.1499998201289667,11633.3818359375018190,11625.7073506127544533
7252,323940,913,14.1499998201289667,11612.5585937500000000,11605.5983088393240905
7252,323940,914,14.1499999683284123,11633.4941406250000000,11627.0479533976504172
7252,323940,915,14.1499998201289650,11621.1337890625018190,11623.0261450429643446
7252,323940,916,14.1499998201289667,11611.7451171875000000,11608.2795144091160182
7252,323940,917,14.1499999683284123,11614.5996093750000000,11612.3013227638020908
7252,323940,918,14.1023640988086996,11584.7548828125000000,11589.5110754205798003
7252,323940,919,14.0000001994615779,11588.8164062500000000,11582.8080614961018000
7252,323940,920,14.0000003460900082,11571.2568359375000000,11570.7426364320435823
7252,323940,921,14.0000001994615779,11553.8955078125000000,11554.6554030132992921
7252,323940,922,14.0000003460900082,11540.3232421875000000,11539.9087723794491467
7252,323940,923,14.0000001994615779,11519.0693359375000000,11530.5245528851828567
7252,323940,924,14.0467508675475301,11518.1494140625000000,11517.1185250362286752
7252,323940,925,14.0047286940258093,11514.9140625000000000,11518.4591278211246390
7252,323940,926,13.9999941876959646,11516.0751953125000000,11514.4373194664385665
7252,323940,927,14.0000001994615779,11506.8505859375000000,11499.6906888325884211
7252,323940,928,14.0000003460900082,11499.1445312500000000,11497.0094832627983124
7252,323940,929,14.0000001994615779,11493.5156250000000000,11497.0094832627983124
7252,323940,930,14.0000001994615779,11491.5634765625000000,11480.9222498440540221
7252,323940,931,14.0000003460900082,11485.9404296875000000,11475.5598387044719857
7252,323940,932,14.0000001994615779,11477.3232421875000000,11475.5598387044719857
7252,323940,933,14.0000001994615779,11477.0390625000000000,11475.5598387044719857
7252,323940,934,14.0000003460900082,11472.2626953125000000,11458.1320025008317316
7252,323940,935,14.0000001994615779,11460.9824218750000000,11460.8132080706218403
7252,323940,936,14.0000003460900082,11459.2568359375000000,11454.1101941461456590
7252,323940,937,14.0000001994615779,11443.8300781250000000,11442.0447690820874413
7252,323940,938,14.0000001994615779,11433.2714843750000000,11432.6605495878193324
7252,323940,939,14.0000003460900082,11410.2255859375000000,11412.5515078143889696
7252,323940,940,14.0000001994615779,11403.2470703125000000,11409.8703022445988609
7252,323940,941,13.9828404183558028,11403.3339843750000000,11389.7612604711684980
7252,323940,942,14.0000003460900082,11389.7968750000000000,11391.1018632560626429
7252,323940,943,14.0000001994615779,11387.2802734375000000,11384.3988493315846426
7252,323940,944,14.0000001994615779,11382.1650390625000000,11370.9928214826322801
7252,323940,945,13.9444049136469346,11377.9111328125000000,11373.6740270524242078
7252,323940,946,13.7675641325824571,11378.4736328125000000,11368.3116159128403524
7252,323940,947,13.8156811616400539,11377.7968750000000000,11370.9928214826322801
7252,323940,948,13.8328407976884140,11366.0029296875000000,11364.2898075581542798
7252,323940,949,13.8950989574550867,11366.4082031250000000,11366.9710131279462075
7252,323940,950,13.9872336344515311,11364.4902343750000000,11356.2461908487821347
7252,323940,951,13.9543283695622371,11361.3964843750000000,11349.5431769243077724
7252,323940,952,13.9083937805147144,11343.8486328125000000,11346.8619713545158447
7252,323940,953,13.9945646848353267,11346.5625000000000000,11341.4995602149338083
7252,323940,954,13.8999998165671528,11329.9833984375000000,11330.7747379357715545
7252,323940,955,13.9507575791913396,11324.7792968750000000,11325.4123267961876991
7252,323940,956,13.9457656614044154,11314.1904296875000000,11316.0281073019214091
7252,323940,957,13.7873334214922387,11305.8251953125000000,11278.4912293248507922
7252,323940,958,13.7500003399098283,11293.1630859375000000,11307.9844905925492640
7252,323940,959,13.7500001958997640,11288.2871093750000000,11282.5130376795368647
7252,323940,960,13.7500001958997640,11286.3515625000000000,11282.5130376795368647
7252,323940,961,13.7500003399098283,11289.5947265625000000,11282.5130376795368647
7252,323940,962,13.7500001958997640,11275.2265625000000000,11273.1288181852687558
7252,323940,963,13.7500001958997640,11275.4326171875000000,11261.0633931212105381
7252,323940,964,13.7500003399098283,11271.2958984375000000,11261.0633931212105381
7252,323940,965,13.7500001958997640,11266.8642578125000000,11261.0633931212105381
7252,323940,966,13.7500001958997640,11263.0195312500000000,11261.0633931212105381
7252,323940,967,13.7500003399098283,11254.9423828125000000,11257.0415847665244655
7252,323940,968,13.7500001958997640,11249.7236328125000000,11239.6137485628842114
7252,323940,969,13.7500003399098283,11229.4619140625018190,11234.2513374233039940
7252,323940,970,13.7500001958997640,11225.1640625000000000,11218.1641040045597038
7252,323940,971,13.7500001958997640,11212.2382812500000000,11212.8016928649758484
7252,323940,972,13.7500003399098283,11200.5205078125000000,11196.7144594462315581
7252,323940,973,13.7500001958997640,11191.5117187500000000,11191.3520483066513407
7252,323940,974,13.7499942914871092,11185.2490234375000000,11175.2648148879070504
7252,323940,975,13.7500003399098283,11179.5644531250000000,11175.2648148879070504
7252,323940,976,13.7500001958997640,11174.1132812500000000,11175.2648148879070504
7252,323940,977,13.7500001958997640,11171.8798828125000000,11167.2211981785349053
7252,323940,978,13.7500003399098283,11163.8281250000000000,11157.8369786842649773
7252,323940,979,13.7500001958997640,11166.0048828125000000,11153.8151703295789048
7252,323940,980,13.7500001958997640,11163.0107421875000000,11153.8151703295789048
7252,323940,981,13.7500003399098283,11150.9824218750000000,11153.8151703295789048
7252,323940,982,13.7500001958997640,11154.2705078125000000,11145.7715536202067597
7252,323940,983,13.7500003399098283,11147.5595703125018190,11148.4527591899986874
7252,323940,984,13.7500001958997640,11139.3662109375000000,11135.0467313410463248
7252,323940,985,13.7500001958997640,11138.7910156250000000,11132.3655257712543971
7252,323940,986,13.7500003399098283,11137.4863281250000000,11129.6843202014624694
7252,323940,987,13.7500001958997640,11127.2939453125000000,11129.6843202014624694
7252,323940,988,13.7500001958997640,11118.2353515625000000,11110.9158812129280705
7252,323940,989,13.7500003399098283,11109.2011718750000000,11110.9158812129280705
7252,323940,990,13.7500001958997640,11105.8183593750000000,11100.1910589337658166
7252,323940,991,13.7500001958997640,11102.4238281250000000,11090.8068394394977076
7252,323940,992,13.7500003399098283,11107.2138671875018190,11105.5534700733460340
7252,323940,993,13.7500001958997640,11103.8652343750000000,11097.5098533639738889
7252,323940,994,13.7500003399098283,11101.7431640625000000,11089.4662366546017438
7252,323940,995,13.7500001958997640,11101.6787109375000000,11089.4662366546017438
7252,323940,996,13.7500001958997640,11091.0947265625000000,11089.4662366546017438
7252,323940,997,13.7500003399098283,11082.7246093750000000,11081.4226199452295987
7252,323940,998,13.7499942914871092,11081.2373046875000000,11068.0165920962754171
7252,323940,999,13.7500001958997640,11070.3730468750000000,11068.0165920962754171
7252,323940,1000,13.7500003399098283,11056.6708984375000000,11049.2481531077410182
7252,323940,1001,13.7500001958997640,11048.5849609375000000,11046.5669475379490905
7252,323940,1002,13.7500001958997640,11050.3613281250000000,11041.2045363983670541
7252,323940,1003,13.7500003399098283,11036.5791015625000000,11038.5233308285769454
7252,323940,1004,13.6657164345645903,11025.2978515625000000,11025.1173029796227638
7252,323940,1005,13.6000007176714259,11019.8007812500000000,11018.4142890551465825
7252,323940,1006,13.5828407941266001,11015.5029296875000000,11003.6676584212982561
7252,323940,1007,13.6429619838370755,11014.4335937500000000,11003.6676584212982561
7252,323940,1008,13.7415456726081970,11006.5009765625000000,11003.6676584212982561
7252,323940,1009,13.7458174614363848,10999.3896484375018190,11003.6676584212982561
7252,323940,1010,13.6000005752323752,10998.2373046875000000,10991.6022333572400385
7252,323940,1011,13.5559394186926134,10995.7753906250000000,10982.2180138629701105
7252,323940,1012,13.5024936800885360,10993.1171875000000000,10982.2180138629701105
7252,323940,1013,13.6000005752323752,10988.0146484375000000,10982.2180138629701105
7252,323940,1014,13.5347847119308451,10980.2568359375000000,10982.2180138629701105
7252,323940,1015,13.5000001923379500,10964.8886718750018190,10966.1307804442258202
7252,323940,1016,13.5678796235900130,10962.4101562500000000,10960.7683693046456028
7252,323940,1017,13.5479494249415744,10946.7197265625018190,10946.0217386707954574
7252,323940,1018,13.5000001923379500,10931.5976562500000000,10931.2751080369471310
7252,323940,1019,13.5085802242825377,10922.0302734375000000,10917.8690801879929495
7252,323940,1020,13.5000001923379500,10916.5468750000000000,10917.8690801879929495
7252,323940,1021,13.4999943952782520,10897.8710937500000000,10903.1224495541428041
7252,323940,1022,13.5000003337296519,10892.6503906250000000,10895.0788328447706590
7252,323940,1023,13.5000001923379500,10892.3916015625000000,10892.3976272749805503
7252,323940,1024,13.5000001923379500,10875.4345703125000000,10881.6728049958182964
7252,323940,1025,13.5000003337296519,10882.8779296875000000,10874.9697910713402962
7252,323940,1026,13.5000001923379500,10873.3378906250000000,10872.2885855015501875
7252,323940,1027,13.5000001923379500,10872.8017578125018190,10864.2449687921780423
7252,323940,1028,13.5000003337296519,10866.8330078125000000,10860.2231604374919698
7252,323940,1029,13.5000001923379500,10861.9970703125000000,10853.5201465130139695
7252,323940,1030,13.5000003337296519,10861.8066406250018190,10853.5201465130139695
7252,323940,1031,13.5000001923379500,10851.4189453125000000,10853.5201465130139695
7252,323940,1032,13.5000001923379500,10850.7265625000000000,10852.1795437281198247
7252,323940,1033,13.4613908262416544,10845.0478515625000000,10842.7953242338517157
7252,323940,1034,13.5000001923379500,10830.4218750000000000,10832.0705019546894619
7252,323940,1035,13.4497192027111900,10823.3310546875000000,10817.3238713208393165
7252,323940,1036,13.4816421989333080,10813.5019531250000000,10810.6208573963613162
7252,323940,1037,13.4914203017850625,10800.0634765625000000,10794.5336239776170260
7252,323940,1038,13.4757538939903032,10790.1601562500000000,10789.1712128380368085
7252,323940,1039,13.4770572340364154,10788.6123046875000000,10789.1712128380368085
7252,323940,1040,13.4656806301263998,10780.6845703125000000,10777.1057877739785908
7252,323940,1041,13.4828405526238768,10777.9472656250000000,10767.7215682797086629
7252,323940,1042,13.5000001923379500,10738.5234375000000000,10754.3155404307563003
7252,323940,1043,13.4142012868090710,10791.1181640625000000,10763.6997599250225903
7252,323940,1044,13.4034150038760060,10770.6923828125000000,10771.7433766343947354
7252,323940,1045,13.4035321876919191,10766.8574218750000000,10766.3809654948145180
7252,323940,1046,13.4393611298412168,10763.8632812500000000,10750.2937320760702278
7252,323940,1047,13.4104913115508459,10753.8896484375018190,10756.9967460005482280
7252,323940,1048,13.4195380646156615,10747.0712890625000000,10743.5907181515922275
7252,323940,1049,13.4729288791430726,10747.3623046875000000,10746.2719237213841552
7252,323940,1050,13.4530957446948367,10739.2060546875000000,10734.2064986573259375
7252,323940,1051,13.4756023728298810,10728.0576171875018190,10724.8222791630578286
7252,323940,1052,13.3999999497878761,10720.4755859375000000,10724.8222791630578286
7252,323940,1053,13.3999998094435249,10712.0839843750000000,10704.7132373896274657
7252,323940,1054,13.3999998094435249,10698.1503906250000000,10703.3726346047315019
7252,323940,1055,13.3999999497878761,10691.2236328125000000,10681.9229900464051752
7252,323940,1056,13.3999998094435249,10693.2138671875018190,10681.9229900464051752
7252,323940,1057,13.3999998094435249,10684.2656250000000000,10681.9229900464051752
7252,323940,1058,13.3999999497878761,10679.0800781250000000,10681.9229900464051752
7252,323940,1059,13.3999998094435249,10679.4355468750000000,10681.9229900464051752
7252,323940,1060,13.3999998094435249,10676.4404296875000000,10677.9011816917191027
7252,323940,1061,13.3999999497878761,10668.2216796875000000,10660.4733454880806676
7252,323940,1062,13.3671708689297333,10675.3984375000000000,10660.4733454880806676
7252,323940,1063,13.2500003275494720,10672.6445312500000000,10660.4733454880806676
7252,323940,1064,13.3897820621141452,10667.2597656250000000,10660.4733454880806676
7252,323940,1065,13.3999998094435249,10663.2011718750000000,10660.4733454880806676
7252,323940,1066,13.3999999497878761,10661.8759765625000000,10660.4733454880806676
7252,323940,1067,13.3999998094435249,10658.1044921875000000,10660.4733454880806676
7252,323940,1068,13.3999998094435249,10645.2343750000000000,10651.0891259938107396
7252,323940,1069,13.3999941956695228,10633.0947265625000000,10639.0237009297525219
7252,323940,1070,13.2932774387650383,10628.4638671875018190,10617.5740563714280142
7252,323940,1071,13.2500001887761361,10615.8369140625000000,10616.2334535865320504
7252,323940,1072,13.2500003275494720,10607.1699218750000000,10608.1898368771580863
7252,323940,1073,13.2500001887761361,10597.8759765625000000,10596.1244118130998686
7252,323940,1074,13.2500001887761361,10594.7656250000000000,10596.1244118130998686
7252,323940,1075,13.2500003275494720,10591.9121093750000000,10590.7620006735196512
7252,323940,1076,13.2500001887761361,10587.3251953125000000,10574.6747672547753609
7252,323940,1077,13.2500003275494720,10578.6279296875000000,10574.6747672547753609
7252,323940,1078,13.2500001887761361,10587.0712890625000000,10574.6747672547753609
7252,323940,1079,13.2500001887761361,10573.6953125000000000,10574.6747672547753609
7252,323940,1080,13.2500003275494720,10577.2968750000000000,10573.3341644698812161
7252,323940,1081,13.2500001887761361,10571.2421875000000000,10570.6529589000892884
7252,323940,1082,13.2500001887761361,10570.8134765625000000,10573.3341644698812161
7252,323940,1083,13.2500003275494720,10566.8642578125000000,10566.6311505454032158
7252,323940,1084,13.2500001887761361,10556.3144531250000000,10554.5657254813449981
7252,323940,1085,13.2500001887761361,10558.7246093750000000,10553.2251226964490343
7252,323940,1086,13.2500003275494720,10538.5722656250000000,10545.1815059870768891
7252,323940,1087,13.2500001887761361,10533.1181640625000000,10531.7754781381227076
7252,323940,1088,13.1137587299893230,10526.0527343750018190,10526.4130669985424902
7252,323940,1089,13.1643493381359384,10515.3623046875000000,10510.3258335797963809
7252,323940,1090,13.1115395248242095,10514.3701171875000000,10510.3258335797963809
7252,323940,1091,13.2500003275494720,10509.4824218750000000,10510.3258335797963809
7252,323940,1092,13.2500001887761361,10494.7353515625000000,10490.2167918063660181
7252,323940,1093,13.2499944990693947,10500.9960937500000000,10488.8761890214700543
7252,323940,1094,13.1082089706325320,10492.7558593750000000,10488.8761890214700543
7252,323940,1095,13.1000005681087472,10495.9316406250000000,10488.8761890214700543
7252,323940,1096,13.1363939151891600,10486.2958984375000000,10487.5355862365759094
7252,323940,1097,13.2500003275494720,10479.2939453125000000,10468.7671472480396915
7252,323940,1098,13.1259585398796617,10473.4921875000000000,10467.4265444631437276
7252,323940,1099,13.2389095593888424,10463.6308593750018190,10459.3829277537715825
7252,323940,1100,13.1026590080907930,10470.5429687500000000,10464.7453388933536189
7252,323940,1101,13.1000005681087472,10458.8818359375018190,10456.7017221839814738
7252,323940,1102,13.1000007053110679,10455.6132812500000000,10445.9768999048192200
7252,323940,1103,13.2468992221769319,10452.0029296875000000,10445.9768999048192200
7252,323940,1104,13.1976272401438912,10439.3085937500000000,10441.9550915501331474
7252,323940,1105,13.1000007053110679,10425.9765625000000000,10424.5272553464910743
7252,323940,1106,13.1000005681087472,10410.6123046875000000,10407.0994191428526392
7252,323940,1107,13.1000005681087472,10409.6464843750000000,10403.0776107881665666
7252,323940,1108,13.1000007053110679,10406.0371093750000000,10403.0776107881665666
7252,323940,1109,13.1000005681087472,10395.9951171875000000,10396.3745968636885664
7252,323940,1110,13.1000007053110679,10392.8027343750018190,10381.6279662298402400
7252,323940,1111,13.1000005681087472,10389.2080078125000000,10381.6279662298402400
7252,323940,1112,13.1000005681087472,10390.0478515625000000,10381.6279662298402400
7252,323940,1113,13.1000007053110679,10384.3291015625000000,10381.6279662298402400
7252,323940,1114,13.1000005681087472,10378.2207031250000000,10381.6279662298402400
7252,323940,1115,13.1000005681087472,10376.5244140625000000,10377.6061578751541674
7252,323940,1116,13.1000007053110679,10372.2285156250000000,10361.5189244564080582
7252,323940,1117,13.0999949428136162,10372.2402343750000000,10360.1783216715139133
7252,323940,1118,13.1000005681087472,10343.5683593750000000,10352.1347049621417682
7252,323940,1119,13.1000007053110679,10351.7695312500000000,10338.7286771131875867
7252,323940,1120,13.1000005681087472,10333.6123046875000000,10338.7286771131875867
7252,323940,1121,13.1000005681087472,10294.8544921875000000,10315.9384297699671151
7252,323940,1122,13.1000007053110679,10325.8193359375000000,10305.2136074908030423
7252,323940,1123,13.1000005681087472,10323.4482421875000000,10317.2790325548612600
7252,323940,1124,13.1000007053110679,10311.2080078125000000,10314.5978269850711513
7252,323940,1125,13.1000005681087472,10315.0000000000000000,10307.8948130605949700
7252,323940,1126,13.1000005681087472,10307.5117187500000000,10309.2354158454891149
7252,323940,1127,13.1000007053110679,10311.3896484375018190,10295.8293879965349333
7252,323940,1128,13.1000005681087472,10304.1582031250000000,10302.5324019210129336
7252,323940,1129,13.1000005681087472,10285.0302734375000000,10285.1045657173726795
7252,323940,1130,13.1000007053110679,10282.8291015625000000,10274.3797434382104257
7252,323940,1131,13.1000005681087472,10283.9433593750000000,10274.3797434382104257
7252,323940,1132,13.1000005681087472,10271.2148437500000000,10274.3797434382104257
7252,323940,1133,13.1000007053110679,10270.9921875000000000,10274.3797434382104257
7252,323940,1134,13.1000005681087472,10266.4638671875018190,10258.2925100194661354
7252,323940,1135,13.1000007053110679,10260.1992187500000000,10252.9300988798822800
7252,323940,1136,13.0911116726719143,10252.6464843750000000,10252.9300988798822800
7252,323940,1137,13.0917296824398033,10239.5712890625000000,10243.5458793856159900
7252,323940,1138,13.1000007053110679,10227.9101562500000000,10231.4804543215577723
7252,323940,1139,13.1000005681087472,10220.6347656250018190,10227.4586459668716998
7252,323940,1140,12.9686109562160095,10227.2480468750000000,10211.3714125481274095
7252,323940,1141,13.0683667714038059,10223.9335937500000000,10215.3932209028134821
7252,323940,1142,13.1000005681087472,10221.5175781250000000,10210.0308097632296267
7252,323940,1143,13.0817902227650578,10224.5615234375000000,10210.0308097632296267
7252,323940,1144,13.0857992268981711,10219.6679687500000000,10210.0308097632296267
7252,323940,1145,13.0895129391008957,10219.2587890625000000,10210.0308097632296267
7252,323940,1146,13.1000007053110679,10210.7783203125000000,10210.0308097632296267
7252,323940,1147,13.1000005681087472,10206.8134765625000000,10210.0308097632296267
7252,323940,1148,13.0193627243955117,10201.5537109375018190,10196.6247819142772641
7252,323940,1149,13.0000003213692921,10197.8994140625000000,10188.5811652049051190
7252,323940,1150,13.0618515866651173,10191.2792968750000000,10188.5811652049051190
7252,323940,1151,13.0785508417265284,10187.0410156250000000,10188.5811652049051190
7252,323940,1152,13.0653501302516819,10181.2509765625000000,10176.5157401408469013
7252,323940,1153,12.9958757463617953,10168.0634765625000000,10167.1315206465787924
7252,323940,1154,12.9928814504415318,10158.8857421875018190,10163.1097122918927198
7252,323940,1155,12.9513497675483134,10144.7021484375000000,10145.6818760882524657
7252,323940,1156,12.9828404041085470,10138.9589843750000000,10141.6600677335663931
7252,323940,1157,12.9914204308164045,10125.2998046875000000,10106.8043953262877039
7252,323940,1158,12.9442308966205530,10141.5058593750000000,10130.9352454544041393
7252,323940,1159,12.9347438973484294,10125.3076171875018190,10140.3194649486722483
7252,323940,1160,12.9151085245596491,10111.5937500000000000,10108.1449981111818488
7252,323940,1161,12.9817748180633128,10129.2939453125000000,10117.5292176054499578
7252,323940,1162,12.9109770431900817,10115.1660156250000000,10113.5074092507638852
7252,323940,1163,12.9270712516697444,10107.2578125000000000,10102.7825869716016314
7252,323940,1164,12.9950871410046105,10101.3837890625018190,10102.7825869716016314
7252,323940,1165,12.9080670359170426,10093.7246093750000000,10085.3547507679595583
7252,323940,1166,12.8999999374275180,10091.8505859375000000,10081.3329424132734857
7252,323940,1167,12.8999998023198970,10088.3222656250000000,10081.3329424132734857
7252,323940,1168,12.8999998023198970,10079.5361328125000000,10081.3329424132734857
7252,323940,1169,12.8999999374275180,10078.0449218750000000,10081.3329424132734857
7252,323940,1170,12.8999998023198970,10067.3554687500000000,10062.5645034247390868
7252,323940,1171,12.8999999374275180,10059.1474609375000000,10059.8832978549489781
7252,323940,1172,12.8999998023198970,10049.8720703125000000,10055.8614895002629055
7252,323940,1173,12.8999998023198970,10043.4531250000000000,10038.4336532966208324
7252,323940,1174,12.8999999374275180,10035.9492187500000000,10038.4336532966208324
7252,323940,1175,12.8999998023198970,10026.7958984375000000,10023.6870226627743250
7252,323940,1176,12.8999998023198970,10025.3955078125000000,10016.9840087382963247
7252,323940,1177,12.8999999374275180,10011.6113281250000000,10016.9840087382963247
7252,323940,1178,12.8999998023198970,10009.5800781250000000,10007.5997892440300348
7252,323940,1179,12.8999998023198970,10008.3525390625000000,9995.5343641799699981
7252,323940,1180,12.8999999374275180,10007.5664062500000000,9995.5343641799699981
7252,323940,1181,12.8999998023198970,10007.4208984375000000,10006.2591864591322519
7252,323940,1182,12.8999999374275180,9994.2246093750000000,9995.5343641799699981
7252,323940,1183,12.8999998023198970,9994.0322265625000000,9995.5343641799699981
7252,323940,1184,12.8999998023198970,9994.9277343750000000,9995.5343641799699981
7252,323940,1185,12.8999999374275180,9988.6708984375000000,9986.1501446857018891
7252,323940,1186,12.8999998023198970,9979.7792968750000000,9974.0847196216436714
7252,323940,1187,12.8999998023198970,9972.2226562500000000,9974.0847196216436714
7252,323940,1188,12.8999943980150800,9958.7460937500000000,9956.6568834180034173
7252,323940,1189,12.8999998023198970,9951.2929687500000000,9952.6350750633173448
7252,323940,1190,12.8999998023198970,9940.6875000000000000,9933.8666360747829458
7252,323940,1191,12.8999999374275180,9942.0947265625000000,9931.1854305049910181
7252,323940,1192,12.8999998023198970,9933.4257812500000000,9931.1854305049910181
7252,323940,1193,12.8999999374275180,9935.5722656250000000,9931.1854305049910181
7252,323940,1194,12.8999998023198970,9931.6601562500000000,9931.1854305049910181
7252,323940,1195,12.8999998023198970,9929.4238281250000000,9931.1854305049910181
7252,323940,1196,12.8999999374275180,9924.3125000000000000,9917.7794026560368366
7252,323940,1197,12.8999998023198970,9923.0615234375000000,9911.0763887315606553
7252,323940,1198,12.8999998023198970,9921.1738281250000000,9909.7357859466646914
7252,323940,1199,12.8999999374275180,9922.0507812500000000,9909.7357859466646914
7252,323940,1200,12.8999998023198970,9914.3652343750000000,9909.7357859466646914
7252,323940,1201,12.8999998023198970,9911.5986328125000000,9909.7357859466646914
7252,323940,1202,12.8999999374275180,9907.5947265625000000,9909.7357859466646914
7252,323940,1203,12.8999998023198970,9900.1738281250000000,9892.3079497430262563
7252,323940,1204,12.8999999374275180,9892.9384765625000000,9888.2861413883401838
7252,323940,1205,12.8999998023198970,9884.5722656250000000,9888.2861413883401838
7252,323940,1206,12.8304986265908312,9879.3984375000000000,9873.5395107544900384
7252,323940,1207,12.7500003151891139,9869.0234375000000000,9866.8364968300120381
7252,323940,1208,12.7500001816525081,9864.8154296875000000,9857.4522773357457481
7252,323940,1209,12.7500001816525081,9871.4726562500000000,9868.1770996149098210
7252,323940,1210,12.7953169074660096,9862.3974609375000000,9866.8364968300120381
7252,323940,1211,12.8999998023198970,9856.0625000000000000,9848.0680578414794581
7252,323940,1212,12.8999942629074607,9852.2832031250000000,9845.3868522716875304
7252,323940,1213,12.8999999374275180,9852.8847656250018190,9845.3868522716875304
7252,323940,1214,12.8999998023198970,9832.9375000000000000,9838.6838383472095302
7252,323940,1215,12.8833052868756681,9829.8710937500000000,9823.9372077133612038
7252,323940,1216,12.7049561761700787,9834.2275390625000000,9823.9372077133612038
7252,323940,1217,12.7500001816525081,9826.3701171875000000,9823.9372077133612038
7252,323940,1218,12.7500003151891139,9821.7392578125000000,9822.5966049284652399
7252,323940,1219,12.7381856186522953,9809.4677734375018190,9811.8717826493011671
7252,323940,1220,12.6000005609851193,9801.2812500000000000,9802.4875631550348771
7252,323940,1221,12.6000006929507098,9791.3076171875018190,9786.4003297362905869
7252,323940,1222,12.6000005609851193,9781.7304687500000000,9781.0379185967085505
7252,323940,1223,12.6000005609851193,9779.3320312500000000,9781.0379185967085505
7252,323940,1224,12.6000006929507098,9773.0712890625000000,9767.6318907477543689
7252,323940,1225,12.6000005609851193,9768.7363281250000000,9759.5882740383822238
7252,323940,1226,12.6000005609851193,9764.6425781250000000,9759.5882740383822238
7252,323940,1227,12.6000006929507098,9762.9794921875000000,9759.5882740383822238
7252,323940,1228,12.6000005609851193,9754.8662109375000000,9759.5882740383822238
7252,323940,1229,12.6000006929507098,9757.5048828125000000,9755.5664656836961512
7252,323940,1230,12.6000005609851193,9746.4326171875000000,9739.4792322649518610
7252,323940,1231,12.6000005609851193,9749.9082031250000000,9738.1386294800558971
7252,323940,1232,12.6000006929507098,9741.3623046875000000,9738.1386294800558971
7252,323940,1233,12.6000005609851193,9735.7734375000000000,9736.7980266951617523
7252,323940,1234,12.6000005609851193,9732.6357421875018190,9731.4356155555797159
7252,323940,1235,12.6000006929507098,9728.7656250000000000,9716.6889849217313895
7252,323940,1236,12.5947358492523698,9720.4570312500000000,9716.6889849217313895
7252,323940,1237,12.3999997951962690,9256.9267578125000000,9533.0264033910625585
7252,323940,1238,12.4949498300509525,9701.5156250000000000,9307.8051355286388571
7252,323940,1239,12.4544397952844932,9567.1123046875000000,9460.6338530067114334
7252,323940,1240,12.1571306122822094,8442.1552734375000000,9179.1072681786827161
7252,323940,1241,12.5006132023214143,9188.0244140625000000,9293.0585048947887117
7252,323940,1242,12.6500002755951790,9685.7373046875000000,9503.5331421233640867
7252,323940,1243,12.6500004080844413,9728.1171875000000000,9699.2611487180893164
7252,323940,1244,12.6500002755951790,9724.2226562500000000,9716.6889849217313895
7252,323940,1245,12.6500002755951790,9714.6054687500000000,9716.6889849217313895
7252,323940,1246,12.6500004080844413,9712.1152343750000000,9716.6889849217313895
7252,323940,1247,12.6500002755951790,9704.8691406250000000,9696.5799431483010267
7252,323940,1248,12.6500002755951790,9697.7236328125000000,9695.2393403634032438
7252,323940,1249,12.6500004080844413,9697.7695312500000000,9695.2393403634032438
7252,323940,1250,12.6500002755951790,9686.1923828125000000,9688.5363264389288815
7252,323940,1251,12.6500004080844413,9683.4316406250000000,9673.7896958050787362
7252,323940,1252,12.6500002755951790,9678.0917968750000000,9673.7896958050787362
7252,323940,1253,12.6500002755951790,9674.5615234375000000,9673.7896958050787362
7252,323940,1254,12.6500004080844413,9667.8613281250000000,9671.1084902352868085
7252,323940,1255,12.6500002755951790,9660.1259765625000000,9653.6806540316483733
7252,323940,1256,12.6500002755951790,9653.7705078125000000,9652.3400512467505905
7252,323940,1257,12.6500004080844413,9651.5537109375018190,9652.3400512467505905
7252,323940,1258,12.6500002755951790,9647.4580078125000000,9638.9340233977982280
7252,323940,1259,12.6500002755951790,9640.0332031250000000,9632.2310094733202277
7252,323940,1260,12.6499949760247556,9630.6093750000000000,9630.8904066884260828
7252,323940,1261,12.6500002755951790,9631.1103515625000000,9612.1219676998898649
7252,323940,1262,12.6500002755951790,9627.0693359375000000,9630.8904066884260828
7252,323940,1263,12.6500004080844413,9621.4453125000000000,9612.1219676998898649
7252,323940,1264,12.6500002755951790,9627.6201171875000000,9609.4407621300997562
7252,323940,1265,12.6500004080844413,9596.2666015625000000,9617.4843788394737203
7252,323940,1266,12.6500002755951790,9598.7021484375000000,9587.9911175717734295
7252,323940,1267,12.6452662506726536,9597.1513671875000000,9587.9911175717734295
7252,323940,1268,12.5559673215575422,9594.7011718750000000,9587.9911175717734295
7252,323940,1269,12.6000005609851193,9590.2939453125000000,9587.9911175717734295
7252,323940,1270,12.5671099370227459,9584.9287109375000000,9587.9911175717734295
7252,323940,1271,12.5985717547015330,9579.8886718750018190,9581.2881036472972482
7252,323940,1272,12.5914206704322318,9574.3476562500000000,9566.5414730134471029
7252,323940,1273,12.5699709440500129,9569.1259765625000000,9566.5414730134471029
7252,323940,1274,12.6000006929507098,9562.9609375000000000,9566.5414730134471029
7252,323940,1275,12.5776115083527458,9554.0019531250000000,9547.7730340249127039
7252,323940,1276,12.5494606758835374,9552.7656250000000000,9545.0918284551225952
7252,323940,1277,12.5485212176677923,9546.4755859375000000,9545.0918284551225952
7252,323940,1278,12.5993562543554134,9541.5947265625000000,9545.0918284551225952
7252,323940,1279,12.5105561487750929,9518.3554687500000000,9530.3451978212724498
7252,323940,1280,12.5442312723913503,9510.8398437500000000,9503.5331421233640867
7252,323940,1281,12.5399413271149029,9519.4423828125000000,9506.2143476931560144
7252,323940,1282,12.5897398728050014,9515.8613281250000000,9514.2579644025281596
7252,323940,1283,12.4656806158791440,9507.0117187500000000,9502.1925393384699419
7252,323940,1284,12.5042847557192687,9500.1660156250000000,9502.1925393384699419
7252,323940,1285,12.4528109109680507,9498.5849609375000000,9502.1925393384699419
7252,323940,1286,12.5000001780906942,9496.7412109375000000,9492.8083198442018329
7252,323940,1287,12.4487617598172466,9494.3203125000000000,9480.7428947801417962
7252,323940,1288,12.4868895481357232,9487.1562500000000000,9480.7428947801417962
7252,323940,1289,12.5000001780906942,9485.2861328125000000,9480.7428947801417962
7252,323940,1290,12.4447668341612534,9483.5068359375000000,9480.7428947801417962
7252,323940,1291,12.4007956229863971,9474.7246093750000000,9476.7210864254557237
7252,323940,1292,12.4828403969849191,9468.8867187500000000,9459.2932502218172885
7252,323940,1293,12.4742606373502696,9464.9091796875000000,9459.2932502218172885
7252,323940,1294,12.4222803549450251,9455.4980468750000000,9459.2932502218172885
7252,323940,1295,12.4061221901786070,9448.1982421875000000,9439.1842084483869257
7252,323940,1296,12.4196172017434865,9445.1005859375000000,9437.8436056634909619
7252,323940,1297,12.3999997951962690,9439.8798828125000000,9437.8436056634909619
7252,323940,1298,12.3999999250671600,9436.7851562500000000,9437.8436056634909619
7252,323940,1299,12.3999997951962690,9434.2138671875018190,9436.5030028785949980
7252,323940,1300,12.3999997951962690,9424.5039062500000000,9419.0751666749565629
7252,323940,1301,12.4257395967258226,9416.9970703125000000,9416.3939611051646352
7252,323940,1302,12.3999997951962690,9416.3554687500000000,9416.3939611051646352
7252,323940,1303,12.3999997951962690,9409.7578125000000000,9405.6691388260005624
7252,323940,1304,12.3999999250671600,9405.7714843750000000,9394.9443165468383086
7252,323940,1305,12.3999997951962690,9400.1435546875000000,9394.9443165468383086
7252,323940,1306,12.3999997951962690,9398.9287109375000000,9394.9443165468383086
7252,323940,1307,12.3999999250671600,9390.6669921875000000,9394.9443165468383086
7252,323940,1308,12.3999944704897462,9390.3486328125000000,9392.2631109770481999
7252,323940,1309,12.3999997951962690,9386.0410156250000000,9376.1758775583039096
7252,323940,1310,12.3999999250671600,9378.5166015625000000,9373.4946719885119819
7252,323940,1311,12.3999997951962690,9369.4375000000000000,9373.4946719885119819
7252,323940,1312,12.3999999250671600,9364.8583984375000000,9362.7698497093497281
7252,323940,1313,12.3999997951962690,9361.7226562500000000,9352.0450274301856552
7252,323940,1314,12.3999997951962690,9356.3447265625000000,9348.0232190754995827
7252,323940,1315,12.3999999250671600,9356.0146484375000000,9352.0450274301856552
7252,323940,1316,12.3999997951962690,9350.5615234375000000,9352.0450274301856552
7252,323940,1317,12.3999997951962690,9349.0214843750000000,9338.6389995812332927
7252,323940,1318,12.3999999250671600,9342.1279296875000000,9348.0232190754995827
7252,323940,1319,12.3750519058799462,9332.2226562500000000,9330.5953828718611476
7252,323940,1320,12.3219896524690835,9325.7158203125018190,9329.2547800869651837
7252,323940,1321,12.3999999250671600,9321.3798828125000000,9319.8705605926970748
7252,323940,1322,12.3999997951962690,9317.2724609375000000,9309.1457383135330019
7252,323940,1323,12.3999999250671600,9315.1689453125000000,9309.1457383135330019
7252,323940,1324,12.3999997951962690,9310.4345703125000000,9309.1457383135330019
7252,323940,1325,12.3999997951962690,9304.5380859375000000,9307.8051355286388571
7252,323940,1326,12.3999999250671600,9302.9462890625000000,9301.1021216041608568
7252,323940,1327,12.3999997951962690,9297.7333984375000000,9287.6960937552084943
7252,323940,1328,12.3999997951962690,9289.7500000000000000,9287.6960937552084943
7252,323940,1329,12.3999999250671600,9281.4228515625000000,9282.3336826156282768
7252,323940,1330,12.3999997951962690,9273.6923828125000000,9266.2464491968803486
7252,323940,1331,12.3999997951962690,9267.4287109375000000,9266.2464491968803486
7252,323940,1332,12.3999946003606372,9266.5458984375000000,9266.2464491968803486
7252,323940,1333,12.3099115171582021,9263.9404296875000000,9266.2464491968803486
7252,323940,1334,12.3999999250671600,9261.3642578125000000,9264.9058464119862037
7252,323940,1335,12.3999997951962690,9259.1103515625000000,9251.4998185630338412
7252,323940,1336,12.2970417631527624,9255.4941406250000000,9244.7968046385558409
7252,323940,1337,12.3999999250671600,9252.1005859375000000,9244.7968046385558409
7252,323940,1338,12.3999997951962690,9244.0478515625000000,9244.7968046385558409
7252,323940,1339,12.3999997951962690,9238.7070312500000000,9242.1155990687639132
7252,323940,1340,12.3999999250671600,9235.8271484375000000,9223.3471600802295143
7252,323940,1341,12.3999997951962690,9230.8964843750000000,9223.3471600802295143
7252,323940,1342,12.3999997951962690,9230.6933593750000000,9223.3471600802295143
7252,323940,1343,12.3013737874960718,9225.6054687500000000,9223.3471600802295143
7252,323940,1344,12.3699283927129748,9224.7626953125000000,9223.3471600802295143
7252,323940,1345,12.2652045017017635,9214.7900390625000000,9213.9629405859614053
7252,323940,1346,12.2500001745288802,9210.1962890625000000,9201.8975155219031876
7252,323940,1347,12.2500001745288802,9199.3769531250000000,9201.8975155219031876
7252,323940,1348,12.2500003028287558,9198.6337890625018190,9197.8757071672171151
7252,323940,1349,12.2500001745288802,9189.7324218750000000,9181.7884737484728248
7252,323940,1350,12.3722628375805428,9185.6816406250000000,9180.4478709635768610
7252,323940,1351,12.2500003028287558,9182.2001953125000000,9180.4478709635768610
7252,323940,1352,12.2500001745288802,9177.6142578125000000,9180.4478709635768610
7252,323940,1353,12.2500001745288802,9175.4599609375000000,9177.7666653937867522
7252,323940,1354,12.2500003028287558,9169.2480468750000000,9160.3388291901464981
7252,323940,1355,12.2500001745288802,9167.5371093750000000,9158.9982264052523533
7252,323940,1356,12.2499949142339695,9163.4345703125000000,9158.9982264052523533
7252,323940,1357,12.2500003028287558,9157.1914062500000000,9158.9982264052523533
7252,323940,1358,12.2500001745288802,9155.3154296875000000,9158.9982264052523533
7252,323940,1359,12.2500003028287558,9147.7011718750000000,9146.9328013411941356
7252,323940,1360,12.2500001745288802,9141.0312500000000000,9137.5485818469242076
7252,323940,1361,12.2500001745288802,9133.9951171875000000,9137.5485818469242076
7252,323940,1362,12.2500003028287558,9128.2441406250000000,9128.1643623526579177
7252,323940,1363,12.2500001745288802,9125.2236328125000000,9116.0989372885997000
7252,323940,1364,12.2500001745288802,9121.9404296875000000,9116.0989372885997000
7252,323940,1365,12.2500003028287558,9118.1650390625000000,9116.0989372885997000
7252,323940,1366,12.2500001745288802,9098.8505859375000000,9113.4177317188077723
7252,323940,1367,12.2500001745288802,9120.3837890625018190,9100.0117038698554097
7252,323940,1368,12.1529169914306792,9107.2363281250000000,9108.0553205792275548
7252,323940,1369,12.1000005538614914,9103.6894531250000000,9094.6492927302715543
7252,323940,1370,12.1000006805903535,9099.8398437500000000,9094.6492927302715543
7252,323940,1371,12.1000005538614914,9099.1191406250000000,9094.6492927302715543
7252,323940,1372,12.1000005538614914,9090.1982421875000000,9094.6492927302715543
7252,323940,1373,12.1000006805903535,9087.8769531250000000,9087.9462788057971920
7252,323940,1374,12.1000005538614914,9082.1572265625000000,9073.1996481719470466
7252,323940,1375,12.1000005538614914,9076.3720703125000000,9073.1996481719470466
7252,323940,1376,12.1000006805903535,9072.2929687500000000,9073.1996481719470466
7252,323940,1377,12.1000005538614914,9066.9931640625000000,9070.5184426021551189
7252,323940,1378,12.1000005538614914,9062.3818359375018190,9054.4312091834108287
7252,323940,1379,12.0999954847070512,9060.3378906250000000,9051.7500036136207200
7252,323940,1380,12.1000005538614914,9054.4179687500000000,9051.7500036136207200
7252,323940,1381,12.1000006805903535,9048.0273437500000000,9051.7500036136207200
7252,323940,1382,12.1000005538614914,9045.5947265625000000,9049.0687980438306113
7252,323940,1383,12.1000005538614914,9039.8251953125000000,9030.3003590552943933
7252,323940,1384,12.1000006805903535,9038.7851562500000000,9030.3003590552943933
7252,323940,1385,12.1000005538614914,9031.6816406250000000,9030.3003590552943933
7252,323940,1386,12.0828407727557163,9029.2636718750000000,9030.3003590552943933
7252,323940,1387,12.1000006805903535,9023.9189453125000000,9028.9597562704002485
7252,323940,1388,12.1000005538614914,9018.0566406250018190,9008.8507144969680667
7252,323940,1389,12.1000005538614914,9015.8750000000000000,9008.8507144969680667
7252,323940,1390,12.1000006805903535,9012.4414062500000000,9008.8507144969680667
7252,323940,1391,12.1000005538614914,9008.9814453125000000,9008.8507144969680667
7252,323940,1392,12.1000006805903535,9003.9189453125000000,9008.8507144969680667
7252,323940,1393,12.1000005538614914,8998.9921875000000000,8990.0822755084336677
7252,323940,1394,12.1000005538614914,8994.3398437500000000,8987.4010699386417400
7252,323940,1395,12.1000006805903535,8990.6171875000000000,8987.4010699386417400
7252,323940,1396,12.1000005538614914,8985.4511718750000000,8987.4010699386417400
7252,323940,1397,12.0914206633086039,8976.3232421875000000,8969.9732337350033049
7252,323940,1398,12.0939975881901685,8971.2841796875000000,8965.9514253803154133
7252,323940,1399,12.0759740293265700,8965.2031250000000000,8965.9514253803154133
7252,323940,1400,12.1000005538614914,8965.1650390625000000,8964.6108225954212685
7252,323940,1401,12.1000006805903535,8958.4814453125000000,8956.5672058860491234
7252,323940,1402,12.1000005538614914,8959.7832031250000000,8947.1829863917810144
7252,323940,1403,12.0999953579781909,8955.7324218750000000,8944.5017808219909057
7252,323940,1404,12.0356515014436951,8950.1630859375000000,8944.5017808219909057
7252,323940,1405,12.1000005538614914,8943.3496093750000000,8944.5017808219909057
7252,323940,1406,12.1000006805903535,8935.3906250000000000,8939.1393696824088693
7252,323940,1407,12.1000005538614914,8931.0566406250018190,8923.0521362636645790
7252,323940,1408,12.1000005538614914,8928.9716796875000000,8923.0521362636645790
7252,323940,1409,12.1000006805903535,8924.2568359375000000,8923.0521362636645790
7252,323940,1410,12.0823077470551166,8921.8134765625000000,8923.0521362636645790
7252,323940,1411,12.0000001709670663,8918.0976562500000000,8923.0521362636645790
7252,323940,1412,12.0332262234040641,8916.8330078125000000,8908.3055056298162526
7252,323940,1413,12.0571011010970519,8907.7099609375000000,8901.6024917053382524
7252,323940,1414,12.0270714841619437,8901.3281250000000000,8901.6024917053382524
7252,323940,1415,12.0456200470730970,8895.1738281250000000,8898.9212861355463247
7252,323940,1416,12.0021738751192970,8868.9589843750000000,8878.8122443621159618
7252,323940,1417,12.0686109554853402,8891.5703125000000000,8873.4498332225357444
7252,323940,1418,12.0000001709670663,8881.7861328125000000,8880.1528471470119257
7252,323940,1419,12.0000001709670663,8881.2167968750018190,8880.1528471470119257
7252,323940,1420,12.0000002966485777,8884.5283203125000000,8880.1528471470119257
7252,323940,1421,12.0000001709670663,8881.0029296875000000,8880.1528471470119257
7252,323940,1422,12.0000001709670663,8871.2011718750000000,8862.7250109433716716
7252,323940,1423,12.0000002966485777,8861.9980468750000000,8858.7032025886855990
7252,323940,1424,12.0000001709670663,8858.1757812500000000,8858.7032025886855990
7252,323940,1425,12.0300297879021727,8851.9082031250000000,8852.0001886642075988
7252,323940,1426,12.0000002966485777,8849.2265625000000000,8839.9347636001493811
7252,323940,1427,12.0257346896837767,8847.6132812500000000,8837.2535580303592724
7252,323940,1428,12.0000002966485777,8841.2138671875018190,8837.2535580303592724
7252,323940,1429,12.0000001709670663,8836.0302734375000000,8837.2535580303592724
7252,323940,1430,12.0000001709670663,8834.2792968750000000,8835.9129552454633085
7252,323940,1431,12.0000002966485777,8829.9482421875000000,8826.5287357511970185
7252,323940,1432,12.0000001709670663,8828.0810546875000000,8815.8039134720329457
7252,323940,1433,12.0000001709670663,8822.6308593750018190,8815.8039134720329457
7252,323940,1434,12.0000002966485777,8815.4140625000000000,8815.8039134720329457
7252,323940,1435,12.0000001709670663,8811.5625000000000000,8815.8039134720329457
7252,323940,1436,12.0000001709670663,8808.8427734375000000,8811.7821051173468732
7252,323940,1437,12.0000002966485777,8803.5585937500000000,8794.3542689137066191
7252,323940,1438,12.0000001709670663,8798.1943359375000000,8794.3542689137066191
7252,323940,1439,12.0000002966485777,8795.6445312500000000,8794.3542689137066191
7252,323940,1440,12.0000001709670663,8791.3945312500000000,8794.3542689137066191
7252,323940,1441,12.0000001709670663,8786.9375000000000000,8790.3324605590205465
7252,323940,1442,12.0000002966485777,8780.5644531250000000,8772.9046243553821114
7252,323940,1443,12.0000001709670663,8776.0351562500000000,8772.9046243553821114
7252,323940,1444,12.0000001709670663,8770.6445312500000000,8772.9046243553821114
7252,323940,1445,12.0000002966485777,8765.4716796875000000,8767.5422132158000750
7252,323940,1446,12.0000001709670663,8763.1005859375000000,8751.4549797970557847
7252,323940,1447,12.0000001709670663,8755.7714843750000000,8751.4549797970557847
7252,323940,1448,12.0000002966485777,8749.7226562500000000,8751.4549797970557847
7252,323940,1449,12.0000001709670663,8748.7050781250000000,8751.4549797970557847
7252,323940,1450,11.9742604993084036,8744.6718750000000000,8734.0271435934155306
7252,323940,1451,11.9999951437066237,8742.7480468750000000,8730.0053352387294581
7252,323940,1452,12.0000001709670663,8737.1591796875000000,8730.0053352387294581
7252,323940,1453,12.0000002966485777,8733.7714843750000000,8730.0053352387294581
7252,323940,1454,12.0000001709670663,8730.1816406250000000,8730.0053352387294581
7252,323940,1455,12.0000001709670663,8727.7187500000000000,8730.0053352387294581
7252,323940,1456,12.0000002966485777,8718.8964843750000000,8711.2368962501932401
7252,323940,1457,12.0000001709670663,8712.7138671875018190,8708.5556906804031314
7252,323940,1458,11.9227811559910748,8708.6025390625000000,8708.5556906804031314
7252,323940,1459,12.0000002966485777,8704.7382812500000000,8708.5556906804031314
7252,323940,1460,12.0000001709670663,8702.4394531250000000,8692.4684572616570222
7252,323940,1461,12.0000001709670663,8847.3105468750000000,8743.4113630876818206
7252,323940,1462,12.0000002966485777,8833.6962890625000000,8837.2535580303592724
7252,323940,1463,12.0000001709670663,8823.3769531250000000,8823.8475301814050908
7252,323940,1464,12.0000002966485777,8813.4462890625000000,8815.8039134720329457
7252,323940,1465,12.0000001709670663,8809.5585937500000000,8806.4196939777666557
7252,323940,1466,12.0000001709670663,8803.9697265625018190,8794.3542689137066191
7252,323940,1467,12.0000002966485777,8800.9785156250000000,8794.3542689137066191
7252,323940,1468,12.0777683418797874,8936.4238281250000000,8827.8693385360911634
7252,323940,1469,12.0251906866889975,8926.0292968750000000,8923.0521362636645790
7252,323940,1470,12.0557695852423485,8915.7011718750000000,8917.6897251240825426
7252,323940,1471,12.0731833769828967,8907.0722656250000000,8901.6024917053382524
7252,323940,1472,12.0485212105441644,8902.8017578125018190,8901.6024917053382524
7252,323940,1473,12.1000006805903535,8972.6962890625000000,8944.5017808219909057
7252,323940,1474,12.0227815388854999,8955.1992187500000000,8951.2047947464670870
7252,323940,1475,12.0999954847070512,8959.9960937500000000,8957.9078086709432682
7252,323940,1476,12.0158692357347903,8954.9355468750000000,8944.5017808219909057
7252,323940,1477,12.0554335136948740,8957.0585937500000000,8951.2047947464670870
7252,323940,1478,12.0742610089316891,8941.6884765625000000,8944.5017808219909057
7252,323940,1479,12.1000005538614914,8934.8916015625000000,8935.1175613277227967
7252,323940,1480,12.1000005538614914,8930.6660156250000000,8923.0521362636645790
7252,323940,1481,12.0435307148994291,8925.5527343750018190,8923.0521362636645790
7252,323940,1482,12.0000001709670663,8921.0146484375000000,8923.0521362636645790
7252,323940,1483,12.0848730913890847,8914.3623046875000000,8916.3491223391883977
7252,323940,1484,12.0910151325607593,8909.4697265625018190,8901.6024917053382524
7252,323940,1485,12.0085800615199538,8905.7382812500000000,8901.6024917053382524
7252,323940,1486,12.0631283453864171,8903.5351562500000000,8901.6024917053382524
7252,323940,1487,12.0741503710754348,8897.6894531250000000,8901.6024917053382524
7252,323940,1488,12.0657916295061955,8885.6904296875000000,8882.8340527168020344
7252,323940,1489,12.0800669775085421,8889.2519531250000000,8880.1528471470119257
7252,323940,1490,12.0727448589024196,8888.2050781250000000,8882.8340527168020344
7252,323940,1491,12.0613910463734975,8879.3720703125000000,8880.1528471470119257
7252,323940,1492,12.1000006805903535,8872.9648437500000000,8866.7468192980577442
7252,323940,1493,12.1000005538614914,8891.2949218750000000,8885.5152582865939621
7252,323940,1494,12.1000005538614914,8888.2451171875000000,8880.1528471470119257
7252,323940,1495,12.1000006805903535,8881.2558593750000000,8880.1528471470119257
7252,323940,1496,12.0828407727557163,8877.6542968750000000,8880.1528471470119257
7252,323940,1497,12.1000005538614914,8874.1718750000000000,8877.4716415772218170
7252,323940,1498,12.0423425288818926,8866.9404296875000000,8858.7032025886855990
7252,323940,1499,12.0461149324991084,8861.7832031250000000,8858.7032025886855990
7252,323940,1500,12.0481282636458715,8857.9257812500000000,8858.7032025886855990
7252,323940,1501,12.0038703292560669,8850.9980468750000000,8856.0219970188936713
7252,323940,1502,12.1000005538614914,8843.7597656250000000,8837.2535580303592724
7252,323940,1503,12.0657139789825738,8840.7519531250000000,8837.2535580303592724
7252,323940,1504,12.0000001709670663,8838.0322265625000000,8837.2535580303592724
7252,323940,1505,12.0369501556472773,8834.8740234375000000,8837.2535580303592724
7252,323940,1506,12.0745888891559119,8829.8408203125000000,8827.8693385360911634
7252,323940,1507,12.0052938775555038,8827.3710937500000000,8815.8039134720329457
7252,323940,1508,12.0247360813137352,8822.5068359375000000,8815.8039134720329457
7252,323940,1509,12.0294070137390143,8814.1103515625000000,8815.8039134720329457
7252,323940,1510,12.0742608822028270,8803.7802734375000000,8811.7821051173468732
7252,323940,1511,12.1382961795121886,9000.4775390625000000,8846.6377775246273814
7252,323940,1512,12.4934606718129171,9442.6337890625018190,9217.9847489406474779
7252,323940,1513,12.5433133529262300,9489.1152343750000000,9475.3804836405615788
7252,323940,1514,12.5099118421453888,9481.8388671875000000,9480.7428947801417962
7252,323940,1515,12.5497341567533596,9476.0742187500000000,9478.0616892103535065
7252,323940,1516,12.5301484974764499,9469.0927734375000000,9464.6556613613975060
7252,323940,1517,12.5112707912875312,9463.1210937500000000,9459.2932502218172885
7252,323940,1518,12.3571315004581095,9019.6992187500000000,9136.2079790620300628
7252,323940,1519,12.3099117076117057,9085.6660156250000000,9279.6524770458363491
7252,323940,1520,12.1523397753821776,8591.9443359375000000,9189.8320904578449699
7252,323940,1521,12.1869281680876771,8920.8779296875000000,9035.6627701948764297
7252,323940,1522,12.4100543582560672,9423.5410156250000000,8943.1611780370949418
7252,323940,1523,12.4499946404662882,9412.5371093750000000,9416.3939611051646352
7252,323940,1524,12.4499999866434834,9408.0341796875000000,9409.6909471806884540
7252,323940,1525,12.4500001170380497,9404.8437500000000000,9394.9443165468383086
7252,323940,1526,12.4499999866434834,9396.9277343750000000,9394.9443165468383086
7252,323940,1527,12.4499999866434834,9390.3818359375018190,9394.9443165468383086
7252,323940,1528,12.4500001170380497,9385.2060546875000000,9378.8570831280940183
7252,323940,1529,12.4499999866434834,9375.0019531250000000,9373.4946719885119819
7252,323940,1530,12.4499999866434834,9373.1533203125000000,9373.4946719885119819
7252,323940,1531,12.4500001170380497,9364.0673828125000000,9362.7698497093497281
7252,323940,1532,12.4499999866434834,9358.7021484375000000,9352.0450274301856552
7252,323940,1533,12.4499999866434834,9348.8222656250000000,9352.0450274301856552
7252,323940,1534,12.4500001170380497,9344.3496093750000000,9338.6389995812332927
7252,323940,1535,12.4499999866434834,9335.7988281250000000,9330.5953828718611476
7252,323940,1536,12.4500001170380497,9329.6064453125000000,9330.5953828718611476
7252,323940,1537,12.4499999866434834,9304.1660156250000000,9319.8705605926970748
7252,323940,1538,12.4499999866434834,9296.9746093750000000,9287.6960937552084943
7252,323940,1539,12.4500001170380497,9297.2929687500000000,9287.6960937552084943
7252,323940,1540,12.4499999866434834,9293.3691406250000000,9287.6960937552084943
7252,323940,1541,12.4499999866434834,9287.1025390625000000,9287.6960937552084943
7252,323940,1542,12.4500001170380497,9281.8056640625018190,9287.6960937552084943
7252,323940,1543,12.4499999866434834,9272.1904296875000000,9266.2464491968803486
7252,323940,1544,12.4499999866434834,9264.6708984375000000,9266.2464491968803486
7252,323940,1545,12.4500001170380497,9255.5585937500000000,9254.1810241328221309
7252,323940,1546,12.4499946404662882,9249.0244140625000000,9244.7968046385558409
7252,323940,1547,12.4500001170380497,9233.7050781250000000,9238.0937907140778407
7252,323940,1548,12.4499999866434834,9241.7705078125000000,9232.7313795744976233
7252,323940,1549,12.4499999866434834,9232.9101562500000000,9226.0283656500196230
7252,323940,1550,12.4500001170380497,9224.9267578125000000,9223.3471600802295143
7252,323940,1551,12.3213024465891010,9221.8154296875000000,9223.3471600802295143
7252,323940,1552,12.4499999866434834,9215.2255859375000000,9207.2599266614852240
7252,323940,1553,12.4500001170380497,9212.1494140625000000,9201.8975155219031876
7252,323940,1554,12.4060933409579022,9199.8535156250000000,9201.8975155219031876
7252,323940,1555,12.4295578623018734,9202.7636718750000000,9201.8975155219031876
7252,323940,1556,12.4500001170380497,9192.9687500000000000,9188.4914876729508251
7252,323940,1557,12.4499999866434834,9182.0742187500000000,9180.4478709635768610
7252,323940,1558,12.3273200227611319,9175.2119140625018190,9179.1072681786827161
7252,323940,1559,12.3000003659760964,9166.1035156250000000,9158.9982264052523533
7252,323940,1560,12.3000003659760964,9156.4345703125000000,9158.9982264052523533
7252,323940,1561,12.3000004947996473,9154.1250000000000000,9158.9982264052523533
7252,323940,1562,12.3019727201890383,9142.0214843750000000,9140.2297874167161353
7252,323940,1563,12.4049558476244499,9144.2402343750000000,9137.5485818469242076
7252,323940,1564,12.4500001170380497,9140.9931640625000000,9137.5485818469242076
7252,323940,1565,12.3326423729987553,9132.2792968750000000,9132.1861707073439902
7252,323940,1566,12.3000003659760964,9126.7080078125000000,9122.8019512130758812
7252,323940,1567,12.1850824920626710,9122.4394531250000000,9116.0989372885997000
7252,323940,1568,12.1500002684715511,9118.1201171875000000,9116.0989372885997000
7252,323940,1569,12.1500003957240832,9105.0927734375000000,9109.3959233641216997
7252,323940,1570,12.1499950511177826,9100.9052734375000000,9094.6492927302715543
7252,323940,1571,12.1500002684715511,9095.6601562500000000,9094.6492927302715543
7252,323940,1572,12.1500003957240832,9088.6494140625000000,9094.6492927302715543
7252,323940,1573,12.1500002684715511,9086.4150390625000000,9073.1996481719470466
7252,323940,1574,12.1500002684715511,9077.6611328125000000,7385.3807419886616117
7252,323940,1575,12.1500003957240832,9075.6542968750000000,9073.1996481719470466
7252,323940,1576,12.1500002684715511,9069.6728515625000000,9073.1996481719470466
7252,323940,1577,12.1500002684715511,9066.1767578125000000,9062.4748258927829738
